ID:4256D74B49CF95925EB4D8767D6A4554
	Rows:8
	Colums:11
	Walls:[(0,0),(0,1),(0,2),(0,3),(0,4),(0,5),(0,6),(0,7),(0,8),(0,9),(0,10),(1,0),(1,1),(1,2),(1,3),(1,7),(1,10),(2,0),(2,1),(2,2),(2,3),(2,5),(2,10),(3,0),(3,1),(3,2),(3,3),(3,7),(3,10),(4,0),(4,7),(4,8),(4,10),(5,0),(5,4),(5,5),(5,6),(5,10),(6,0),(6,4),(6,5),(6,6),(6,10),(7,0),(7,1),(7,2),(7,3),(7,4),(7,5),(7,6),(7,7),(7,8),(7,9),(7,10)]
	Targets:[(4,3),(4,6),(6,9)]
	Player:(1,6)
	Boxes:[(3,6),(4,2),(5,9)]

ID:961F49E1A4639A2CE27D54E64219CC05
	Rows:8
	Colums:11
	Walls:[(0,0),(0,1),(0,2),(0,3),(0,4),(0,5),(0,6),(0,7),(0,8),(0,9),(0,10),(1,0),(1,1),(1,2),(1,3),(1,7),(1,10),(2,0),(2,1),(2,2),(2,3),(2,5),(2,10),(3,0),(3,1),(3,2),(3,3),(3,7),(3,10),(4,0),(4,7),(4,8),(4,10),(5,0),(5,4),(5,5),(5,6),(5,10),(6,0),(6,4),(6,5),(6,6),(6,10),(7,0),(7,1),(7,2),(7,3),(7,4),(7,5),(7,6),(7,7),(7,8),(7,9),(7,10)]
	Targets:[(4,3),(4,6),(6,9)]
	Player:(1,6)
	Boxes:[(4,2),(4,3),(5,9)]

ID:7B11C6CAC7BD9F486458DA654095C2CA
	Rows:8
	Colums:11
	Walls:[(0,0),(0,1),(0,2),(0,3),(0,4),(0,5),(0,6),(0,7),(0,8),(0,9),(0,10),(1,0),(1,1),(1,2),(1,3),(1,7),(1,10),(2,0),(2,1),(2,2),(2,3),(2,5),(2,10),(3,0),(3,1),(3,2),(3,3),(3,7),(3,10),(4,0),(4,7),(4,8),(4,10),(5,0),(5,4),(5,5),(5,6),(5,10),(6,0),(6,4),(6,5),(6,6),(6,10),(7,0),(7,1),(7,2),(7,3),(7,4),(7,5),(7,6),(7,7),(7,8),(7,9),(7,10)]
	Targets:[(4,3),(4,6),(6,9)]
	Player:(1,6)
	Boxes:[(4,3),(4,6),(6,9)]

ID:4256D74B49CF95925EB4D8767D6A4554
	Rows:8
	Colums:11
	Walls:[(0,0),(0,1),(0,2),(0,3),(0,4),(0,5),(0,6),(0,7),(0,8),(0,9),(0,10),(1,0),(1,1),(1,2),(1,3),(1,7),(1,10),(2,0),(2,1),(2,2),(2,3),(2,5),(2,10),(3,0),(3,1),(3,2),(3,3),(3,7),(3,10),(4,0),(4,7),(4,8),(4,10),(5,0),(5,4),(5,5),(5,6),(5,10),(6,0),(6,4),(6,5),(6,6),(6,10),(7,0),(7,1),(7,2),(7,3),(7,4),(7,5),(7,6),(7,7),(7,8),(7,9),(7,10)]
	Targets:[(3,6),(4,2),(4,3),(4,6),(5,9),(6,9)]
	Player:(1,6)
	Boxes:[(3,6),(4,2),(5,9)]

