###########\n####  @#  #\n#### #    #\n####  $#  #\n# $.  .## #\n#   ###  $#\n#   ###  .#\n###########
0,4256D74B49CF95925EB4D8767D6A4554,None,NOTHING,0,0.00,0.00,0.00
1,77BDB7FA9A8D32FB97815975B7DC7AD1,0,d,1,1.00,0.00,1.00
4,8E60FC1F13383F1FC957E4727DE23C9F,1,r,2,2.00,0.00,2.00
8,2A6AC36AA899B2E5446EEAB80B602B32,4,r,3,3.00,0.00,3.00
15,1FA78F175256804B0F44BB8179A7869D,8,r,4,4.00,0.00,4.00
29,C0BC014C85F491B8FF6ED1E4A1667D87,15,d,5,5.00,0.00,5.00
48,588B7FC56CF31D87457D0418E78799F1,29,d,6,6.00,0.00,6.00
67,03365DC3BAB9C72C8F3CD38F8A053803,48,D,7,7.00,0.00,7.00
86,359BA3ABA57FAD8AA33A11F515E9AEB0,67,u,8,8.00,0.00,8.00
105,8BCE2DF63D44ED4458EBF4A10F77D199,86,u,9,9.00,0.00,9.00
139,77B4E2F1FFFF41081FE380E7FE1B3B0E,105,u,10,10.00,0.00,10.00
191,9580DFA4D8835D0B21AFBA2E2BBD740B,139,l,11,11.00,0.00,11.00
244,8140222CD1FA2703C71DCC944DDC707B,191,l,12,12.00,0.00,12.00
286,F44A6A2305C7C8D48021E85116315203,244,l,13,13.00,0.00,13.00
341,B7605D0C330846C39203A8E6C55B0CDA,286,D,14,14.00,0.00,14.00
415,0756822CD900FEA7730F106C0E4A02D2,341,l,15,15.00,0.00,15.00
502,5547ABDF711DF5B5778428632159C2A3,415,d,16,16.00,0.00,16.00
588,54E100912734671ACB05E19A09E1D8C2,502,l,17,17.00,0.00,17.00
679,B5D0DC47F4D6211647CA886709522113,588,l,18,18.00,0.00,18.00
760,063127A0AD8E9B199FF19604466DE5EF,679,d,19,19.00,0.00,19.00
828,A426A3A870169BDD7D6F7897184129EA,760,l,20,20.00,0.00,20.00
892,D2ECDC44887ABEFE45CBFB0BBEDD8755,828,l,21,21.00,0.00,21.00
968,38274571BB37CB7DB21FE1ECA71BCDF5,892,u,22,22.00,0.00,22.00
1067,97F868AE7C23DAD9E4580FF88F3D4EBE,968,R,23,23.00,0.00,23.00

###########\n####  @#  #\n#### #    #\n####  $#  #\n# $.  .## #\n#   ###  $#\n#   ###  .#\n###########
0,4256D74B49CF95925EB4D8767D6A4554,None,NOTHING,0,0.00,0.00,1.00
1,77BDB7FA9A8D32FB97815975B7DC7AD1,0,d,1,1.00,0.00,0.50
4,8E60FC1F13383F1FC957E4727DE23C9F,1,r,2,2.00,0.00,0.33
6,2A6AC36AA899B2E5446EEAB80B602B32,4,r,3,3.00,0.00,0.25
8,A1FAE46E2B0D76B13916B400FC76A06C,6,u,4,4.00,0.00,0.20
12,0CAE19B3462CABDAA58366D4138D7038,8,r,5,5.00,0.00,0.17
14,1FA78F175256804B0F44BB8179A7869D,12,d,6,6.00,0.00,0.14
17,C0BC014C85F491B8FF6ED1E4A1667D87,14,d,7,7.00,0.00,0.12
20,588B7FC56CF31D87457D0418E78799F1,17,d,8,8.00,0.00,0.11
23,03365DC3BAB9C72C8F3CD38F8A053803,20,D,9,9.00,0.00,0.10
24,359BA3ABA57FAD8AA33A11F515E9AEB0,23,u,10,10.00,0.00,0.09
26,8BCE2DF63D44ED4458EBF4A10F77D199,24,u,11,11.00,0.00,0.08
28,77B4E2F1FFFF41081FE380E7FE1B3B0E,26,u,12,12.00,0.00,0.08
31,4AA0D86992AD1C1ADED89BE11F765307,28,u,13,13.00,0.00,0.07
35,5A5FC3E8772D19BF77427F91CB79C86F,31,l,14,14.00,0.00,0.07
37,9580DFA4D8835D0B21AFBA2E2BBD740B,35,d,15,15.00,0.00,0.06
41,8140222CD1FA2703C71DCC944DDC707B,37,l,16,16.00,0.00,0.06
45,F44A6A2305C7C8D48021E85116315203,41,l,17,17.00,0.00,0.06
46,4CF3BB667869C29B2DD3283235502683,45,u,18,18.00,0.00,0.05
50,ECC01F50128208D63309652A1081EB5F,46,l,19,19.00,0.00,0.05
52,7814B4082329A7D4D42E29EED5601143,50,l,20,20.00,0.00,0.05
54,F099B8E04E90B321AEC3583D1FBB94C8,52,d,21,21.00,0.00,0.05
56,FE1EFE002CE069DDCF2425D0EAF1384D,54,d,22,22.00,0.00,0.04
58,1D55B90B1B6BB3B23E9DEC995292FD58,56,r,23,23.00,0.00,0.04
60,D8DF21E89C1E991F0975EDCF0189B6D8,58,d,24,24.00,0.00,0.04
63,212CA94F77DDD28AEA75C038E238E793,60,r,25,25.00,0.00,0.04
65,99FCF290934E74DB6382906CBEF52EC8,63,U,26,26.00,0.00,0.04
68,AA321E26ECF4EA20225EA05A54CCFB8E,65,d,27,27.00,0.00,0.04
527,53BA977E60C779C5C81A04BB51673D51,68,l,28,28.00,0.00,0.03
528,BD7259E4C2F7FF64C3FB54A1D07D9A26,527,u,29,29.00,0.00,0.03
533,11300904A98E95C21914F61552990BFA,528,l,30,30.00,0.00,0.03
536,8BCD6D05168D4446E2B1A33A430CC175,533,d,31,31.00,0.00,0.03
547,7804FBB70CF4986096CA14F45E1C03D7,536,l,32,32.00,0.00,0.03
549,577DDC6C310267C65A6A72B5C3C5C0BC,547,d,33,33.00,0.00,0.03
552,FD43C4164CF35E6749EAE15D57005B38,549,d,34,34.00,0.00,0.03
555,AD465035B22F8117B0CE795E82AE3E6D,552,l,35,35.00,0.00,0.03
556,BEE0E4A01B21F03F62DBA2C86A3F3EF2,555,u,36,36.00,0.00,0.03
561,4454F51D8A9886536903AA0B55E74410,556,l,37,37.00,0.00,0.03
562,2C8D71A33F85DC56FA3BF5D6DBA93990,561,u,38,38.00,0.00,0.03
565,B4D9FB56BBC7210889588D14232FB8C0,562,R,39,39.00,0.00,0.03
567,81286B21FFC7CD6F02EC3F3757B3F94D,565,R,40,40.00,0.00,0.02
570,519B099DD85B3EB720117A79B75DE6BA,567,R,41,41.00,0.00,0.02
573,FCDF03307E96D97662EB24240871D298,570,u,42,42.00,0.00,0.02
577,70E7A53085E9C1ABBABDE01D98C4C894,573,r,43,43.00,0.00,0.02
813,D1AEB00AE93D1CCF82BD66B10A5DDEE7,577,r,44,44.00,0.00,0.02
816,B70E1F2E3822D9E6227C63104EA0ECB0,813,d,45,45.00,0.00,0.02
819,8C6F970C2C40855F70BC3EEF13B1A7AB,816,L,46,46.00,0.00,0.02
820,C6BF431F4EF7BB5F23DEB2D31D0C0D49,819,u,47,47.00,0.00,0.02
825,2382BCF6829985F62606D9AD379338DC,820,l,48,48.00,0.00,0.02
831,EB8A4FD0C3E6D5FC2F92343796C0BC06,825,u,49,49.00,0.00,0.02
833,0311F9606CC095FAC5AD1A943EFBB9AC,831,u,50,50.00,0.00,0.02
835,D6AD2BE532A0D8DB5348C0E02F891EDB,833,r,51,51.00,0.00,0.02
837,A9E8320F57D9873A0B8E5415A835525A,835,r,52,52.00,0.00,0.02
839,06BBF45FF76D243D626AF01F8AEEC327,837,D,53,53.00,0.00,0.02
841,5E659A7D9DEDA66479BF1C2ACD7E6255,839,u,54,54.00,0.00,0.02
845,FF4B90D2DD8917DA4019665CC2DE380C,841,l,55,55.00,0.00,0.02
847,0F4BE60BA9D9F91AEC09868F2486A6D5,845,l,56,56.00,0.00,0.02
849,86BB7A694A4C5BC4AC9793A936990E7F,847,d,57,57.00,0.00,0.02
851,741BF69928ED2EFB3906C0FE0E9A517A,849,d,58,58.00,0.00,0.02
853,8915431B7C3A78F80C6751D0BE783DE3,851,r,59,59.00,0.00,0.02
854,CF9683D36AA6F596502B0A1FA80E942E,853,d,60,60.00,0.00,0.02
858,AE20DAA72850269F00D6D18FCD0E3BB7,854,L,61,61.00,0.00,0.02
861,58D06C585379A5557BDEB2B0B70F36EC,858,u,62,62.00,0.00,0.02
864,55256E513E89B42C2626A44349C55028,861,u,63,63.00,0.00,0.02
867,26A7DF4693C18F96C9DDB34E8C807D0D,864,u,64,64.00,0.00,0.02
869,192BD5FC8678B9C9D006F1344DEA2273,867,r,65,65.00,0.00,0.02
871,68CBAF8441517CE17EFAEB966CB8E84C,869,r,66,66.00,0.00,0.01
873,3B01C80D10E0AEBA3B3677A6859D4097,871,d,67,67.00,0.00,0.01
877,D5DD5A2DFEA73B7AA85065043908CD1B,873,D,68,68.00,0.00,0.01

###########\n####  @#  #\n#### #    #\n####  $#  #\n# $.  .## #\n#   ###  $#\n#   ###  .#\n###########
0,4256D74B49CF95925EB4D8767D6A4554,None,NOTHING,0,0.00,0.00,0.00
1,77BDB7FA9A8D32FB97815975B7DC7AD1,0,d,1,1.00,0.00,1.00
4,8E60FC1F13383F1FC957E4727DE23C9F,1,r,2,2.00,0.00,2.00
8,2A6AC36AA899B2E5446EEAB80B602B32,4,r,3,3.00,0.00,3.00
15,1FA78F175256804B0F44BB8179A7869D,8,r,4,4.00,0.00,4.00
29,C0BC014C85F491B8FF6ED1E4A1667D87,15,d,5,5.00,0.00,5.00
48,588B7FC56CF31D87457D0418E78799F1,29,d,6,6.00,0.00,6.00
67,03365DC3BAB9C72C8F3CD38F8A053803,48,D,7,7.00,0.00,7.00
86,359BA3ABA57FAD8AA33A11F515E9AEB0,67,u,8,8.00,0.00,8.00
105,8BCE2DF63D44ED4458EBF4A10F77D199,86,u,9,9.00,0.00,9.00
139,77B4E2F1FFFF41081FE380E7FE1B3B0E,105,u,10,10.00,0.00,10.00
191,9580DFA4D8835D0B21AFBA2E2BBD740B,139,l,11,11.00,0.00,11.00
244,8140222CD1FA2703C71DCC944DDC707B,191,l,12,12.00,0.00,12.00
286,F44A6A2305C7C8D48021E85116315203,244,l,13,13.00,0.00,13.00
341,B7605D0C330846C39203A8E6C55B0CDA,286,D,14,14.00,0.00,14.00
415,0756822CD900FEA7730F106C0E4A02D2,341,l,15,15.00,0.00,15.00
502,5547ABDF711DF5B5778428632159C2A3,415,d,16,16.00,0.00,16.00
588,54E100912734671ACB05E19A09E1D8C2,502,l,17,17.00,0.00,17.00
679,B5D0DC47F4D6211647CA886709522113,588,l,18,18.00,0.00,18.00
760,063127A0AD8E9B199FF19604466DE5EF,679,d,19,19.00,0.00,19.00
828,A426A3A870169BDD7D6F7897184129EA,760,l,20,20.00,0.00,20.00
892,D2ECDC44887ABEFE45CBFB0BBEDD8755,828,l,21,21.00,0.00,21.00
968,38274571BB37CB7DB21FE1ECA71BCDF5,892,u,22,22.00,0.00,22.00
1067,97F868AE7C23DAD9E4580FF88F3D4EBE,968,R,23,23.00,0.00,23.00

###########\n####  .#  #\n#### # $  #\n####  $#  #\n#      ## #\n#   ###   #\n#  @###.$.#\n###########
0,E6A65201B8EC4075B185579F630C7195,None,NOTHING,0,0.00,0.00,0.00
1,602057CBE96235260C853CDC01F9AA7A,0,u,1,1.00,0.00,1.00
3,C11A569F84A773A2825147445A65AB79,1,u,2,2.00,0.00,2.00
9,15A1CACA7B1874AC8AA61A7DDEF66BDE,3,r,3,3.00,0.00,3.00
19,5CCD327804819D7E022E0249E49F97C1,9,r,4,4.00,0.00,4.00
31,C2C94808DF7C0F63A4E64F4694402C4B,19,r,5,5.00,0.00,5.00
39,2196A1267E5E8D1CD8F836AADA2A6AEE,31,U,6,6.00,0.00,6.00
43,EC08800EB47B92A7AF78CE5BCB62F64B,39,U,7,7.00,0.00,7.00
48,54FC44B2FC85962979F39E81DB11B6F4,43,R,8,8.00,0.00,8.00
57,8E59DCA7D888B8394AD691F165E4806F,48,R,9,9.00,0.00,9.00
72,76C6532060C1952B37BA680678979AC1,57,d,10,10.00,0.00,10.00
93,E9FC7AED5F081A510BBA6ABB41B8298F,72,r,11,11.00,0.00,11.00
125,20A96544B3BCE7928179FF17B50FD506,93,d,12,12.00,0.00,12.00
172,30ACEC849FA892C95BDE83C4B1AB6F71,125,d,13,13.00,0.00,13.00
240,F793D7191E94F6482A169EDB046B59FE,172,d,14,14.00,0.00,14.00
316,8CF82B26DDEF968A4F5ABCAB7E13E0C0,240,L,15,15.00,0.00,15.00
405,ACBCA63456F1B37B66726183A93D2449,316,u,16,16.00,0.00,16.00
505,2AA7826B9F6A518234AE355C9CB6EA99,405,r,17,17.00,0.00,17.00
623,D1390D163C8F8081085F39B0F2A76808,505,u,18,18.00,0.00,18.00
753,E2BABF4E1A9E356F02C67F2203F10373,623,u,19,19.00,0.00,19.00
884,B1DBD3CBECE08E50B22958B59D885EC1,753,l,20,20.00,0.00,20.00
1024,AE1D76B3E042D6215B476362C1795776,884,u,21,21.00,0.00,21.00
1161,72A4E1AF8602AD945A78A1F69A1B0C76,1024,u,22,22.00,0.00,22.00
1295,EBE99EF83F175E1A9E76E5D9439B2674,1161,r,23,23.00,0.00,23.00
1431,8C30107791F0FE0438B20C22A4C90AA9,1295,D,24,24.00,0.00,24.00
1565,BA94CB9AD3B048CE3E941A174214926E,1431,D,25,25.00,0.00,25.00
1707,F0B129BF7F4E7AF60A1E334BF86006A3,1565,D,26,26.00,0.00,26.00
1858,EA3E9E99052B1EAC96A0259C8BB818D8,1707,D,27,27.00,0.00,27.00

###########\n####  .#  #\n#### # $  #\n####  $#  #\n#      ## #\n#   ###   #\n#  @###.$.#\n###########
0,E6A65201B8EC4075B185579F630C7195,None,NOTHING,0,0.00,0.00,1.00
1,602057CBE96235260C853CDC01F9AA7A,0,u,1,1.00,0.00,0.50
3,C11A569F84A773A2825147445A65AB79,1,u,2,2.00,0.00,0.33
6,15A1CACA7B1874AC8AA61A7DDEF66BDE,3,r,3,3.00,0.00,0.25
9,346C1E73E79EA5D65908CEE6AC924F4D,6,u,4,4.00,0.00,0.20
12,A52D1D9DB731FE6DCEA43DCBC88C18A9,9,u,5,5.00,0.00,0.17
15,D6AE6E9EF7B743408327ABD8873C6916,12,u,6,6.00,0.00,0.14
17,8582915AD1F8EA7D16824832A9A5D811,15,r,7,7.00,0.00,0.12
19,0D6C1D38468F0A290B44A9573732C35B,17,r,8,8.00,0.00,0.11
21,202C83E514460F1CA37EAB8F883D8A7E,19,d,9,9.00,0.00,0.10
24,078DA509AF85D089C92712CC9ADD14FA,21,R,10,10.00,0.00,0.09
26,61B3134E6093BD1E0D333688BDEAA13F,24,R,11,11.00,0.00,0.08
29,3CD9ABBD1D129669C29533F634F327D8,26,d,12,12.00,0.00,0.08
1061,E5DA6A897B6C0765A8BAD1F66CD92AF0,29,r,13,13.00,0.00,0.07
1063,8C565CCDD8DA4D91F1F67C010D0A20BA,1061,d,14,14.00,0.00,0.07
1900,C4E445B1A3AA1E288B84425FC5AE3BB2,1063,d,15,15.00,0.00,0.06
1902,57B975A9316EE1391A7A58367CCD1085,1900,d,16,16.00,0.00,0.06
1905,B88542BC0A10F53AB002D767DA70A88F,1902,L,17,17.00,0.00,0.06
1906,F2CE245564083596868E6008F8D93B4F,1905,u,18,18.00,0.00,0.05
1908,2E165B4F2E9170D9BE3B861CE6187540,1906,r,19,19.00,0.00,0.05
1911,9C860494198253368B1C346F3FDA786E,1908,u,20,20.00,0.00,0.05
1914,284226835016681BAC34C48163E1FCFA,1911,u,21,21.00,0.00,0.05
1918,F75B6CC69A14FE3170913490CBC65355,1914,l,22,22.00,0.00,0.04
1919,C97782023C2AF4E8BCDF35CF461E274F,1918,u,23,23.00,0.00,0.04
1921,851A352E016250F84688EBC6FB459086,1919,u,24,24.00,0.00,0.04
1924,888D5FB687B7EACD7450EAF31796A49F,1921,r,25,25.00,0.00,0.04
1926,97D617FAB420BE253812154B7F740E48,1924,D,26,26.00,0.00,0.04
1928,1E280F78B3D4264654CD1652387039B1,1926,u,27,27.00,0.00,0.04
1932,61826226A048B2D263707914A07D5C63,1928,l,28,28.00,0.00,0.03
1934,0E477670E997570117A01173B0D586C8,1932,d,29,29.00,0.00,0.03
1938,E966A4A37BF7172FC1FB740BD2831885,1934,l,30,30.00,0.00,0.03
1941,F24EB6C31D2F30A03CC378F83A364220,1938,l,31,31.00,0.00,0.03
1942,702E687ED0CC6032B8FF352D2B6457C1,1941,u,32,32.00,0.00,0.03
1946,8CB1DAC4946E4B4CA47064C79D0D6BFE,1942,l,33,33.00,0.00,0.03
1948,448F57DD0F7100E0F056977FEF8DA20A,1946,l,34,34.00,0.00,0.03
1950,33034E5416AB9CE621DBB9A859D47857,1948,d,35,35.00,0.00,0.03
1952,5BCB18A7E42B006B246C78145E56C45D,1950,d,36,36.00,0.00,0.03
1954,9B1C158424FEB7ECD3C623752C794A93,1952,r,37,37.00,0.00,0.03
1956,8DA87A1DB2814CFA969DC222B2FC1BA6,1954,d,38,38.00,0.00,0.03
1959,867E423338FBD923731B96CEDF49A8EB,1956,r,39,39.00,0.00,0.03
1961,C34B6C98A1EEC9DA991B28B00816D1B7,1959,U,40,40.00,0.00,0.02
1963,D4ACE35C1F97EC19275BE58475C45801,1961,U,41,41.00,0.00,0.02
1966,4CB97F3EA659C03CEAA7CA64325A792E,1963,r,42,42.00,0.00,0.02
1968,AC3AD598B5F515B07DDAF95170EBAF03,1966,r,43,43.00,0.00,0.02
1970,B9AB5250419E17585269B4E2ADF17A45,1968,u,44,44.00,0.00,0.02
1974,7DAC3D61281EE80D9CE938EF0EDF34C8,1970,r,45,45.00,0.00,0.02
1976,8C30107791F0FE0438B20C22A4C90AA9,1974,d,46,46.00,0.00,0.02
1979,BA94CB9AD3B048CE3E941A174214926E,1976,D,47,47.00,0.00,0.02
1982,F0B129BF7F4E7AF60A1E334BF86006A3,1979,D,48,48.00,0.00,0.02
2049,EA3E9E99052B1EAC96A0259C8BB818D8,1982,D,49,49.00,0.00,0.02

###########\n####  .#  #\n#### # $  #\n####  $#  #\n#      ## #\n#   ###   #\n#  @###.$.#\n###########
0,E6A65201B8EC4075B185579F630C7195,None,NOTHING,0,0.00,0.00,0.00
1,602057CBE96235260C853CDC01F9AA7A,0,u,1,1.00,0.00,1.00
3,C11A569F84A773A2825147445A65AB79,1,u,2,2.00,0.00,2.00
9,15A1CACA7B1874AC8AA61A7DDEF66BDE,3,r,3,3.00,0.00,3.00
19,5CCD327804819D7E022E0249E49F97C1,9,r,4,4.00,0.00,4.00
31,C2C94808DF7C0F63A4E64F4694402C4B,19,r,5,5.00,0.00,5.00
39,2196A1267E5E8D1CD8F836AADA2A6AEE,31,U,6,6.00,0.00,6.00
43,EC08800EB47B92A7AF78CE5BCB62F64B,39,U,7,7.00,0.00,7.00
48,54FC44B2FC85962979F39E81DB11B6F4,43,R,8,8.00,0.00,8.00
57,8E59DCA7D888B8394AD691F165E4806F,48,R,9,9.00,0.00,9.00
72,76C6532060C1952B37BA680678979AC1,57,d,10,10.00,0.00,10.00
93,E9FC7AED5F081A510BBA6ABB41B8298F,72,r,11,11.00,0.00,11.00
125,20A96544B3BCE7928179FF17B50FD506,93,d,12,12.00,0.00,12.00
172,30ACEC849FA892C95BDE83C4B1AB6F71,125,d,13,13.00,0.00,13.00
240,F793D7191E94F6482A169EDB046B59FE,172,d,14,14.00,0.00,14.00
316,8CF82B26DDEF968A4F5ABCAB7E13E0C0,240,L,15,15.00,0.00,15.00
405,ACBCA63456F1B37B66726183A93D2449,316,u,16,16.00,0.00,16.00
505,2AA7826B9F6A518234AE355C9CB6EA99,405,r,17,17.00,0.00,17.00
623,D1390D163C8F8081085F39B0F2A76808,505,u,18,18.00,0.00,18.00
753,E2BABF4E1A9E356F02C67F2203F10373,623,u,19,19.00,0.00,19.00
884,B1DBD3CBECE08E50B22958B59D885EC1,753,l,20,20.00,0.00,20.00
1024,AE1D76B3E042D6215B476362C1795776,884,u,21,21.00,0.00,21.00
1161,72A4E1AF8602AD945A78A1F69A1B0C76,1024,u,22,22.00,0.00,22.00
1295,EBE99EF83F175E1A9E76E5D9439B2674,1161,r,23,23.00,0.00,23.00
1431,8C30107791F0FE0438B20C22A4C90AA9,1295,D,24,24.00,0.00,24.00
1565,BA94CB9AD3B048CE3E941A174214926E,1431,D,25,25.00,0.00,25.00
1707,F0B129BF7F4E7AF60A1E334BF86006A3,1565,D,26,26.00,0.00,26.00
1858,EA3E9E99052B1EAC96A0259C8BB818D8,1707,D,27,27.00,0.00,27.00

###########\n#### @.#  #\n#### # $  #\n####  $#  #\n#      ## #\n#   ###   #\n#.$ ###  .#\n###########
0,CC2F1ACAAFA16D458D6BA85E81CB90E1,None,NOTHING,0,0.00,0.00,0.00
2,22DD69830093F97451E6255DC5470E38,0,l,1,1.00,0.00,1.00
6,A53E99E751815E6A89DADC3978658031,2,d,2,2.00,0.00,2.00
11,D75A5F124F8ABCDB3EF654A69211BB07,6,d,3,3.00,0.00,3.00
18,658FF50A22B8F99F855C15F888A8DEFB,11,d,4,4.00,0.00,4.00
35,943E4D475745FFFA9FBF47E8401DAE5B,18,l,5,5.00,0.00,5.00
59,1D2B9504CF3D4701C9DD46D6F334384A,35,d,6,6.00,0.00,6.00
90,F9E1B18AB382331217846CFC5B4F622F,59,d,7,7.00,0.00,7.00
130,C199EF0476968AE10966045F0D988EF5,90,L,8,8.00,0.00,8.00
190,861E25C14DC8688426313D797B0C9998,130,u,9,9.00,0.00,9.00
261,35C39AC671314806E726680139FD6A16,190,u,10,10.00,0.00,10.00
353,E15D8A55981A6523943D61FE0F30150C,261,r,11,11.00,0.00,11.00
465,AC19C876DCD516FE0A9F9ABAC70CA3F6,353,r,12,12.00,0.00,12.00
592,C0C91039FBA660C52ACEDF89DFDDA0A4,465,r,13,13.00,0.00,13.00
734,FF4E95AA602735F3DEC593B191BAD196,592,r,14,14.00,0.00,14.00
883,433C6931655F284595BBF63E05A1CEF7,734,U,15,15.00,0.00,15.00
1039,87B53D097ADD1983FCE86ACB01548299,883,U,16,16.00,0.00,16.00
1202,C6CC79E1BED9C8CAD59550DB138EE173,1039,R,17,17.00,0.00,17.00
1386,3B3D6459171C6EF08F4E2D17B8C94320,1202,R,18,18.00,0.00,18.00
1585,2A579D52FF0776AC67B295BE5180D2EB,1386,u,19,19.00,0.00,19.00
1796,6BEE6FDEE2104A5D2528B01283766E5A,1585,r,20,20.00,0.00,20.00
2016,5D8AF4B85609DD496F4E90E0609DFF7D,1796,D,21,21.00,0.00,21.00
2256,1AEBB96787540247100B94DEA722DCB1,2016,D,22,22.00,0.00,22.00
2511,EB232AEB7E8E3FE3D270CA0973937D0F,2256,D,23,23.00,0.00,23.00
2786,F151B811064D45D7769EF051723DA628,2511,D,24,24.00,0.00,24.00

###########\n#### @.#  #\n#### # $  #\n####  $#  #\n#      ## #\n#   ###   #\n#.$ ###  .#\n###########
0,CC2F1ACAAFA16D458D6BA85E81CB90E1,None,NOTHING,0,0.00,0.00,1.00
1,CF3CDC971B59D039C5D81DE9EB067369,0,r,1,1.00,0.00,0.50
3,4485577FE67BA9B87F6A32C2A7BCD095,1,d,2,2.00,0.00,0.33
6,D4CBB85F493858AE3D82912A46CA722E,3,R,3,3.00,0.00,0.25
8,62FC6CF32684F102E0A0919A73AE5811,6,R,4,4.00,0.00,0.20
10,0B171B0D604CFE5E822F501A1D47118F,8,u,5,5.00,0.00,0.17
13,6AFCE2248F30183F9D2D6471CDB989D8,10,r,6,6.00,0.00,0.14
15,4A9063C2B9677F905EE004BB77A7A46C,13,D,7,7.00,0.00,0.12
17,CB778AFD4D87112E76046523BDD2E170,15,u,8,8.00,0.00,0.11
21,AA4DD8FAF2143CA64E1E310DCC96FF78,17,l,9,9.00,0.00,0.10
23,8CA932AA9A9518028312894BFE03A429,21,d,10,10.00,0.00,0.09
27,781F3F56EE67D7FE67519619B7CC9FB8,23,l,11,11.00,0.00,0.08
30,CC239BCB96B8BA479E9445508E7C00B5,27,l,12,12.00,0.00,0.08
31,0D65F470605D4AEC82FE363001560CA6,30,u,13,13.00,0.00,0.07
35,42401AACCE37771AD5C0622202311206,31,l,14,14.00,0.00,0.07
37,D5078C530A931BD70541673FD35D81AE,35,l,15,15.00,0.00,0.06
39,7D67B2AF54CCEFE0217D5D24CB93FBF7,37,d,16,16.00,0.00,0.06
41,3AC51990CB5CEAF7C9B02AB3C6B79040,39,d,17,17.00,0.00,0.06
43,0E80529DCDA47D01DBEDC7A816A89CB6,41,r,18,18.00,0.00,0.05
45,7B2B1470CC023BB5D6F9D4E06FB7D0C5,43,d,19,19.00,0.00,0.05
48,F0DB684A5D36C0BD61F6424C3F91E4B3,45,r,20,20.00,0.00,0.05
50,3B174D1C2B38C9B961BD4DBB8E52E51E,48,U,21,21.00,0.00,0.05
52,5737A658B4EB9BD407C23E580EE5447B,50,U,22,22.00,0.00,0.04
55,EAAEDE40FB5D736FC604F5730F50CAFB,52,r,23,23.00,0.00,0.04
57,1E2458E293F54F7C6EE596DDAC24C945,55,r,24,24.00,0.00,0.04
59,F231FAA26087840A4B5559E6D93B1263,57,u,25,25.00,0.00,0.04
63,542B81E5C2FA1D16C6576DFFE0885032,59,r,26,26.00,0.00,0.04
65,DB9377867C71521557DBF240ED5F0096,63,d,27,27.00,0.00,0.04
68,CF6C27BF99F1D1E2F4A4ED0009B68AF5,65,D,28,28.00,0.00,0.03
70,D10C2CC00C3402378D1EFD4564468E6F,68,u,29,29.00,0.00,0.03
73,434A01336F51F8AEECDD9F2A77D8B570,70,u,30,30.00,0.00,0.03
77,250A19138CFED0C5AB72B054C519677E,73,l,31,31.00,0.00,0.03
79,70C67CE5772B809B9AE469CAFE5C4C04,77,d,32,32.00,0.00,0.03
83,201A723738567716A9884DC4867BD505,79,l,33,33.00,0.00,0.03
87,7F0272E14800C649C0A9E743DC60C0BA,83,l,34,34.00,0.00,0.03
89,1A176FF09D57F5D7C061917FF6FBDA2F,87,d,35,35.00,0.00,0.03
91,66E2AB2717C0F742A46750268490101A,89,d,36,36.00,0.00,0.03
94,54A6968F6E4C4F96A27E7A7F6004CF31,91,l,37,37.00,0.00,0.03
95,1A9BC0866E29C15EBC739FA342B1A76A,94,u,38,38.00,0.00,0.03
100,C852865079BE4E197FA4F53A32E92F2A,95,l,39,39.00,0.00,0.03
103,6692EB71567070894DE79B3AE7F3FF62,100,d,40,40.00,0.00,0.02
111,8CA9615417B67CE009FF292D535A41A6,103,l,41,41.00,0.00,0.02
113,79D692CFEEBE2AA9DCC97C849D769DB2,111,d,42,42.00,0.00,0.02
116,5E62566733C433ABD64164D111ACF8E9,113,d,43,43.00,0.00,0.02
119,FD673F7875768E1965CB0B3553087091,116,L,44,44.00,0.00,0.02
120,5381177C0CE2283E7A428F5018EE73CA,119,u,45,45.00,0.00,0.02
122,8EC301329C661A524012EEA77DAE0BAD,120,u,46,46.00,0.00,0.02
126,2DBBC2891D1E548CB3AB40DDF82C0F2B,122,r,47,47.00,0.00,0.02
129,6A8F22AB59DDA2D80098DA3E4F862713,126,r,48,48.00,0.00,0.02
132,C37D3E2A0A6716B7DF80DF92CAB678A9,129,u,49,49.00,0.00,0.02
136,781ACD396C0FA048D566C751988E416E,132,r,50,50.00,0.00,0.02
143,1C464DE0120E1475166C21DC7F9C319F,136,r,51,51.00,0.00,0.02
146,0287605A96A6A5A369B469FBA5AFBDC4,143,u,52,52.00,0.00,0.02
149,ED920D066D86823CDF7458B50ED526D7,146,r,53,53.00,0.00,0.02
151,8049B9CE9E40264B1FD708AEAF5D2D81,149,r,54,54.00,0.00,0.02
153,56AF10305B31583F074E023A004B7EAF,151,u,55,55.00,0.00,0.02
157,4DD7A1F5E8451C3068060AAD25C664F2,153,r,56,56.00,0.00,0.02
159,4355A11C6D7DCB34009B0DA4C90743F6,157,d,57,57.00,0.00,0.02
162,1AEBB96787540247100B94DEA722DCB1,159,d,58,58.00,0.00,0.02
165,EB232AEB7E8E3FE3D270CA0973937D0F,162,D,59,59.00,0.00,0.02
168,F151B811064D45D7769EF051723DA628,165,D,60,60.00,0.00,0.02

###########\n#### @.#  #\n#### # $  #\n####  $#  #\n#      ## #\n#   ###   #\n#.$ ###  .#\n###########
0,CC2F1ACAAFA16D458D6BA85E81CB90E1,None,NOTHING,0,0.00,0.00,0.00
2,22DD69830093F97451E6255DC5470E38,0,l,1,1.00,0.00,1.00
6,A53E99E751815E6A89DADC3978658031,2,d,2,2.00,0.00,2.00
11,D75A5F124F8ABCDB3EF654A69211BB07,6,d,3,3.00,0.00,3.00
18,658FF50A22B8F99F855C15F888A8DEFB,11,d,4,4.00,0.00,4.00
35,943E4D475745FFFA9FBF47E8401DAE5B,18,l,5,5.00,0.00,5.00
59,1D2B9504CF3D4701C9DD46D6F334384A,35,d,6,6.00,0.00,6.00
90,F9E1B18AB382331217846CFC5B4F622F,59,d,7,7.00,0.00,7.00
130,C199EF0476968AE10966045F0D988EF5,90,L,8,8.00,0.00,8.00
190,861E25C14DC8688426313D797B0C9998,130,u,9,9.00,0.00,9.00
261,35C39AC671314806E726680139FD6A16,190,u,10,10.00,0.00,10.00
353,E15D8A55981A6523943D61FE0F30150C,261,r,11,11.00,0.00,11.00
465,AC19C876DCD516FE0A9F9ABAC70CA3F6,353,r,12,12.00,0.00,12.00
592,C0C91039FBA660C52ACEDF89DFDDA0A4,465,r,13,13.00,0.00,13.00
734,FF4E95AA602735F3DEC593B191BAD196,592,r,14,14.00,0.00,14.00
883,433C6931655F284595BBF63E05A1CEF7,734,U,15,15.00,0.00,15.00
1039,87B53D097ADD1983FCE86ACB01548299,883,U,16,16.00,0.00,16.00
1202,C6CC79E1BED9C8CAD59550DB138EE173,1039,R,17,17.00,0.00,17.00
1386,3B3D6459171C6EF08F4E2D17B8C94320,1202,R,18,18.00,0.00,18.00
1585,2A579D52FF0776AC67B295BE5180D2EB,1386,u,19,19.00,0.00,19.00
1796,6BEE6FDEE2104A5D2528B01283766E5A,1585,r,20,20.00,0.00,20.00
2016,5D8AF4B85609DD496F4E90E0609DFF7D,1796,D,21,21.00,0.00,21.00
2256,1AEBB96787540247100B94DEA722DCB1,2016,D,22,22.00,0.00,22.00
2511,EB232AEB7E8E3FE3D270CA0973937D0F,2256,D,23,23.00,0.00,23.00
2786,F151B811064D45D7769EF051723DA628,2511,D,24,24.00,0.00,24.00

###########\n####.@ #  #\n#### # $ .#\n#### $ #  #\n# $  . ## #\n#   ###   #\n#   ###   #\n###########
0,4A74210F1E7761992B1CD6247F8BD04A,None,NOTHING,0,0.00,0.00,0.00
1,D75BB1722D9F4E5D122C573989C0D679,0,r,1,1.00,0.00,1.00
3,7DF24B05DB1125E85E32BDD5E9EB4B57,1,d,2,2.00,0.00,2.00
8,DE982665853B2F264D672180467B73F3,3,R,3,3.00,0.00,3.00
12,45004ABD9DCF06F950AACC38F1781249,8,R,4,4.00,0.00,4.00
22,6548CD1EE943DC8490BCD28940A19D20,12,l,5,5.00,0.00,5.00
40,80777B66EC69E632B9F75FA19B616176,22,l,6,6.00,0.00,6.00
70,E50C85F330DECFE5C5D4E2931FE027A4,40,d,7,7.00,0.00,7.00
108,E67DC69A971EC00CFB1B814B6F2B9079,70,L,8,8.00,0.00,8.00
173,20C2F766DBA41D47A2614373867EAF17,108,d,9,9.00,0.00,9.00
268,A91C0700E162BEBBE5DA134D2AFF9B24,173,l,10,10.00,0.00,10.00
390,39E8AA2D99250F9076A0A6F71D967FE1,268,l,11,11.00,0.00,11.00
539,1BBB03691252479D12168F8BCF7852A8,390,d,12,12.00,0.00,12.00
736,6DDA6A9D53FBAF372D86903CFFE7F14B,539,l,13,13.00,0.00,13.00
1004,94B25A8AADF9093E39EA14C5A8E7BD3E,736,l,14,14.00,0.00,14.00
1334,CD36283CF9C654D7C270B23373A87DCF,1004,u,15,15.00,0.00,15.00
1720,70B162004FE7303FCE9231151EEF94D2,1334,R,16,16.00,0.00,16.00
2180,730319F5099E7F81AD6D49C6CB992043,1720,R,17,17.00,0.00,17.00
2745,5E26107CB06925A2763726C9058BED89,2180,R,18,18.00,0.00,18.00
3393,CB306819829949141ADDC88A230CE98B,2745,U,19,19.00,0.00,19.00
4111,E4E827869ABED0C98799548120E0FD30,3393,U,20,20.00,0.00,20.00

###########\n####.@ #  #\n#### # $ .#\n#### $ #  #\n# $  . ## #\n#   ###   #\n#   ###   #\n###########
0,4A74210F1E7761992B1CD6247F8BD04A,None,NOTHING,0,0.00,0.00,1.00
1,D75BB1722D9F4E5D122C573989C0D679,0,r,1,1.00,0.00,0.50
3,7DF24B05DB1125E85E32BDD5E9EB4B57,1,d,2,2.00,0.00,0.33
6,DE982665853B2F264D672180467B73F3,3,R,3,3.00,0.00,0.25
8,45004ABD9DCF06F950AACC38F1781249,6,R,4,4.00,0.00,0.20
12,6548CD1EE943DC8490BCD28940A19D20,8,l,5,5.00,0.00,0.17
16028,80777B66EC69E632B9F75FA19B616176,12,l,6,6.00,0.00,0.14
16029,BA33CC7DA721A5F1A404616CD901E9C6,16028,u,7,7.00,0.00,0.12
16033,9F58995D3139FBD566079712C1BD0EDB,16029,l,8,8.00,0.00,0.11
16035,E18A0A34514A790A3434B84AEE8CF8C1,16033,l,9,9.00,0.00,0.10
16037,24D8BAF6DD8B2B4D62DCEDD1782BD90A,16035,d,10,10.00,0.00,0.09
16039,5F67B78BC4580E6FB6F5CDC697F0E8BA,16037,d,11,11.00,0.00,0.08
16042,D6A126EF7B82EE55E820A22E274E596C,16039,d,12,12.00,0.00,0.08
17610,BD3EA6D4FF2C9D385A8608EA101132BA,16042,r,13,13.00,0.00,0.07
17612,F024AD9A3031C47AA537FEAD360CB146,17610,r,14,14.00,0.00,0.07
17614,E50C85F330DECFE5C5D4E2931FE027A4,17612,u,15,15.00,0.00,0.06
17618,E67DC69A971EC00CFB1B814B6F2B9079,17614,L,16,16.00,0.00,0.06
17619,3484BF48EEA74CEBB414D9B1BCC510E9,17618,r,17,17.00,0.00,0.06
17622,421174E5D19A8B0F4FB1F2F4A83F733D,17619,d,18,18.00,0.00,0.05
17780,20C2F766DBA41D47A2614373867EAF17,17622,l,19,19.00,0.00,0.05
17783,A91C0700E162BEBBE5DA134D2AFF9B24,17780,l,20,20.00,0.00,0.05
17784,D1FFBF267261A3A1A0B5EE380D857238,17783,U,21,21.00,0.00,0.05
17787,B612174C7E3363B6C4E7952703AF5DF1,17784,U,22,22.00,0.00,0.04
17790,17C890B52B3849CF889577B93C83CD7F,17787,d,23,23.00,0.00,0.04
17792,7D1F055F2426631BFB645FBF00054503,17790,r,24,24.00,0.00,0.04
17794,D9B89641D56B2126796B812F8B8B4DD6,17792,r,25,25.00,0.00,0.04
17798,C175635BC1962F4C2C50134CB30FD2BB,17794,d,26,26.00,0.00,0.04
17838,E64A28395D2883FD402A22C48A297036,17798,l,27,27.00,0.00,0.04
17841,EB427B8AD1C7299D5E14D945E1F0056F,17838,l,28,28.00,0.00,0.03
17844,A7C98A19747C04F3425BBBF6CA2A1338,17841,l,29,29.00,0.00,0.03
17846,CC90665AC9F5682689F416E0A026A0CA,17844,d,30,30.00,0.00,0.03
17849,7E4AA4C2D553F4A094C1F6C27F007B58,17846,d,31,31.00,0.00,0.03
17852,7C66D125860AB20AC59C210E43D6AA9C,17849,l,32,32.00,0.00,0.03
17853,67E364BDFEBFC056469550AA62D223DE,17852,u,33,33.00,0.00,0.03
17858,D6F9BFDA3597686FFED5574F9C8E8541,17853,l,34,34.00,0.00,0.03
17859,AC3341078A9F9218EF00AD505B0E7C17,17858,u,35,35.00,0.00,0.03
17862,47E6A1FD397DB38A9D187DE9E7B012E2,17859,R,36,36.00,0.00,0.03
17864,6B3C8F497B19220191A4049DD2531444,17862,R,37,37.00,0.00,0.03
17867,78C72D992D3C2431800546806606B92F,17864,R,38,38.00,0.00,0.03

###########\n####.@ #  #\n#### # $ .#\n#### $ #  #\n# $  . ## #\n#   ###   #\n#   ###   #\n###########
0,4A74210F1E7761992B1CD6247F8BD04A,None,NOTHING,0,0.00,0.00,0.00
1,D75BB1722D9F4E5D122C573989C0D679,0,r,1,1.00,0.00,1.00
3,7DF24B05DB1125E85E32BDD5E9EB4B57,1,d,2,2.00,0.00,2.00
8,DE982665853B2F264D672180467B73F3,3,R,3,3.00,0.00,3.00
12,45004ABD9DCF06F950AACC38F1781249,8,R,4,4.00,0.00,4.00
22,6548CD1EE943DC8490BCD28940A19D20,12,l,5,5.00,0.00,5.00
40,80777B66EC69E632B9F75FA19B616176,22,l,6,6.00,0.00,6.00
70,E50C85F330DECFE5C5D4E2931FE027A4,40,d,7,7.00,0.00,7.00
108,E67DC69A971EC00CFB1B814B6F2B9079,70,L,8,8.00,0.00,8.00
173,20C2F766DBA41D47A2614373867EAF17,108,d,9,9.00,0.00,9.00
268,A91C0700E162BEBBE5DA134D2AFF9B24,173,l,10,10.00,0.00,10.00
390,39E8AA2D99250F9076A0A6F71D967FE1,268,l,11,11.00,0.00,11.00
539,1BBB03691252479D12168F8BCF7852A8,390,d,12,12.00,0.00,12.00
736,6DDA6A9D53FBAF372D86903CFFE7F14B,539,l,13,13.00,0.00,13.00
1004,94B25A8AADF9093E39EA14C5A8E7BD3E,736,l,14,14.00,0.00,14.00
1334,CD36283CF9C654D7C270B23373A87DCF,1004,u,15,15.00,0.00,15.00
1720,70B162004FE7303FCE9231151EEF94D2,1334,R,16,16.00,0.00,16.00
2180,730319F5099E7F81AD6D49C6CB992043,1720,R,17,17.00,0.00,17.00
2745,5E26107CB06925A2763726C9058BED89,2180,R,18,18.00,0.00,18.00
3393,CB306819829949141ADDC88A230CE98B,2745,U,19,19.00,0.00,19.00
4111,E4E827869ABED0C98799548120E0FD30,3393,U,20,20.00,0.00,20.00

###########\n####   # .#\n#### # $  #\n####   #  #\n#. @$  ## #\n#   ###.$ #\n#   ###   #\n###########
0,CE437B548CC4168F0560B2530BEA2135,None,NOTHING,0,0.00,0.00,0.00
1,3F106BE38A528B00360C36B2AB376984,0,R,1,1.00,0.00,1.00
4,984687D48B33C56C2CC5BFA89D14151A,1,u,2,2.00,0.00,2.00
14,62D1E1BB20FEE9EBF88A48D2BFEACF8F,4,r,3,3.00,0.00,3.00
31,5AEFC91A00147CADD39D584AAAECC1F5,14,r,4,4.00,0.00,4.00
54,1EE20B0EEBF32A655C6EAA33725FE158,31,d,5,5.00,0.00,5.00
80,ECB72DB904F284C7CC4F107E221004F5,54,L,6,6.00,0.00,6.00
104,166BF14E44AA9E5E70928E6434D63962,80,L,7,7.00,0.00,7.00
134,9ADD50E1E9961D58DF33BE6975E639F4,104,L,8,8.00,0.00,8.00
173,720030AE3FA4E8DD812227C6B9FFC66E,134,L,9,9.00,0.00,9.00
218,2000C7F5CD09EBD4AA92E6FD5EE43DAD,173,r,10,10.00,0.00,10.00
275,C34EA4E9383BDB9BFC7B054113A22F8C,218,r,11,11.00,0.00,11.00
364,123F07BE97A7190D5646C14F91EF9CF9,275,u,12,12.00,0.00,12.00
474,C0C70D1151F3F4F5B7193BD4CE6F751F,364,r,13,13.00,0.00,13.00
606,F1153577FB63CA68ABF2A5AEA2DC37F4,474,r,14,14.00,0.00,14.00
763,2911B55C5C1A4A5D780B934ED1986F48,606,u,15,15.00,0.00,15.00
951,50FB86FCEDB5EEC218B24C303C8D4FDE,763,R,16,16.00,0.00,16.00
1150,06E5A489F6456D2D41D6B12133F2AA68,951,R,17,17.00,0.00,17.00
1366,42450DC731907D8A1B38733C82EB98FF,1150,d,18,18.00,0.00,18.00
1590,8F909C84DB3EB5C8BA5E99F857E40B59,1366,r,19,19.00,0.00,19.00
1838,B1ACE44BB5EC3D1AD5DDB9641A8692C0,1590,U,20,20.00,0.00,20.00
2121,BAF246602DBEF86784AA7F064445DD67,1838,d,21,21.00,0.00,21.00
2443,D7EFFF1090981B8542A8A770FFB2B618,2121,d,22,22.00,0.00,22.00
2768,A5B3478069C1C366569D9C451EFFB6BA,2443,d,23,23.00,0.00,23.00
3102,691D22B0BBA0C0A74D2E2EE34BE0E4C1,2768,L,24,24.00,0.00,24.00

###########\n####   # .#\n#### # $  #\n####   #  #\n#. @$  ## #\n#   ###.$ #\n#   ###   #\n###########
0,CE437B548CC4168F0560B2530BEA2135,None,NOTHING,0,0.00,0.00,1.00
1,3F106BE38A528B00360C36B2AB376984,0,R,1,1.00,0.00,0.50
4,984687D48B33C56C2CC5BFA89D14151A,1,u,2,2.00,0.00,0.33
7,91E90F2337D98DF925A44DA16CCE3FDC,4,u,3,3.00,0.00,0.25
10,8DC9BA5FD34E4C64E6A9AB73851BA5DF,7,u,4,4.00,0.00,0.20
12,A9785C273C70CE093C9D181C4BF67782,10,r,5,5.00,0.00,0.17
14,8A64097CE03048A0F2FA8E3C2EF53609,12,r,6,6.00,0.00,0.14
16,4C71798D909725F5833A2342CC043149,14,d,7,7.00,0.00,0.12
19,51CEFBC9206DC973268377E3163E9F5D,16,R,8,8.00,0.00,0.11
21,B757F42637B74B189A6C93179FB39643,19,R,9,9.00,0.00,0.10
24,43D821B423B5E1D528A2043827071CC4,21,d,10,10.00,0.00,0.09
2032,336DB0699785C4889DC5CF95DC9C00FF,24,r,11,11.00,0.00,0.08
2033,27B5775247513B26C6FAC36EBACE2CBB,2032,U,12,12.00,0.00,0.08
2036,ECF8ADC21637743235CAA4B1225101C2,2033,d,13,13.00,0.00,0.07
2039,DBA97DECBA2E3DD76B9441FD64CB30E1,2036,d,14,14.00,0.00,0.07
2042,E2A6EFA2181CF5C9040897056A4F491B,2039,d,15,15.00,0.00,0.06
2045,D449A142263842AA48AF8986A7E967F3,2042,L,16,16.00,0.00,0.06
2553,FCA894D75E43B1A035A22E270B1F03C5,2045,r,17,17.00,0.00,0.06
2555,92D13D55CE8C98719A81AA305FEDA396,2553,u,18,18.00,0.00,0.05
2558,44B1272FD3CE60D1F8BBCC1C32A229FB,2555,u,19,19.00,0.00,0.05
2560,0034C29C5D06F6544BF353FD391D9C6E,2558,u,20,20.00,0.00,0.05
2564,CF4906C6752402A7A120A6444558E9A4,2560,l,21,21.00,0.00,0.05
2568,26E3823032B33D0FEEF37A949E91C99F,2564,l,22,22.00,0.00,0.04
2573,1630A9239AEF3917A2B554EED256CC9E,2568,l,23,23.00,0.00,0.04
2574,7BD869DF05E0887A71AB35D9468744BC,2573,u,24,24.00,0.00,0.04
2578,F3B36A47D5BDD404A1BDAD03C3B085BE,2574,l,25,25.00,0.00,0.04
2580,67111B26D49F4840847EA81F4A2A5A74,2578,l,26,26.00,0.00,0.04
2582,FF409FE3CFBAD63DAD5AC20A5640B719,2580,d,27,27.00,0.00,0.04
2584,3FF4D8E9990C320BD3183950FA4B0B44,2582,d,28,28.00,0.00,0.03
2586,409C8E2E304636FE35B371790FD9364B,2584,r,29,29.00,0.00,0.03
2588,404E5D72CF6B9B12F44BF77CB727CC4A,2586,r,30,30.00,0.00,0.03
2591,7E184DD8A0CF72448D508FBD44B873CB,2588,d,31,31.00,0.00,0.03
2594,153740A21188192DD94CE4735F71DA48,2591,L,32,32.00,0.00,0.03
2597,CE92FE47C22891A92CA7D361812C9A45,2594,L,33,33.00,0.00,0.03
2648,BF9134479DC68A06973C097B634911C5,2597,L,34,34.00,0.00,0.03
2703,98E85F061F9E182F1A73D3A1B3BE4D47,2648,L,35,35.00,0.00,0.03

###########\n####   # .#\n#### # $  #\n####   #  #\n#. @$  ## #\n#   ###.$ #\n#   ###   #\n###########
0,CE437B548CC4168F0560B2530BEA2135,None,NOTHING,0,0.00,0.00,0.00
1,3F106BE38A528B00360C36B2AB376984,0,R,1,1.00,0.00,1.00
4,984687D48B33C56C2CC5BFA89D14151A,1,u,2,2.00,0.00,2.00
14,62D1E1BB20FEE9EBF88A48D2BFEACF8F,4,r,3,3.00,0.00,3.00
31,5AEFC91A00147CADD39D584AAAECC1F5,14,r,4,4.00,0.00,4.00
54,1EE20B0EEBF32A655C6EAA33725FE158,31,d,5,5.00,0.00,5.00
80,ECB72DB904F284C7CC4F107E221004F5,54,L,6,6.00,0.00,6.00
104,166BF14E44AA9E5E70928E6434D63962,80,L,7,7.00,0.00,7.00
134,9ADD50E1E9961D58DF33BE6975E639F4,104,L,8,8.00,0.00,8.00
173,720030AE3FA4E8DD812227C6B9FFC66E,134,L,9,9.00,0.00,9.00
218,2000C7F5CD09EBD4AA92E6FD5EE43DAD,173,r,10,10.00,0.00,10.00
275,C34EA4E9383BDB9BFC7B054113A22F8C,218,r,11,11.00,0.00,11.00
364,123F07BE97A7190D5646C14F91EF9CF9,275,u,12,12.00,0.00,12.00
474,C0C70D1151F3F4F5B7193BD4CE6F751F,364,r,13,13.00,0.00,13.00
606,F1153577FB63CA68ABF2A5AEA2DC37F4,474,r,14,14.00,0.00,14.00
763,2911B55C5C1A4A5D780B934ED1986F48,606,u,15,15.00,0.00,15.00
951,50FB86FCEDB5EEC218B24C303C8D4FDE,763,R,16,16.00,0.00,16.00
1150,06E5A489F6456D2D41D6B12133F2AA68,951,R,17,17.00,0.00,17.00
1366,42450DC731907D8A1B38733C82EB98FF,1150,d,18,18.00,0.00,18.00
1590,8F909C84DB3EB5C8BA5E99F857E40B59,1366,r,19,19.00,0.00,19.00
1838,B1ACE44BB5EC3D1AD5DDB9641A8692C0,1590,U,20,20.00,0.00,20.00
2121,BAF246602DBEF86784AA7F064445DD67,1838,d,21,21.00,0.00,21.00
2443,D7EFFF1090981B8542A8A770FFB2B618,2121,d,22,22.00,0.00,22.00
2768,A5B3478069C1C366569D9C451EFFB6BA,2443,d,23,23.00,0.00,23.00
3102,691D22B0BBA0C0A74D2E2EE34BE0E4C1,2768,L,24,24.00,0.00,24.00

###########\n#### $.#  #\n#### #    #\n####   # .#\n#  .$  ## #\n#   ### $ #\n#   ###  @#\n###########
0,F05C8635D686B2CDB2EEF48353C3BDD1,None,NOTHING,0,0.00,0.00,0.00
2,1E3CBC14580BA93FFAB905F90E0B56D4,0,l,1,1.00,0.00,1.00
7,CA7E63F98A4E10EC3316D4778A739787,2,l,2,2.00,0.00,2.00
12,CC2AF1F2C3D67D69D9BBB7E382665FF7,7,u,3,3.00,0.00,3.00
23,1300C1434F75307C8A647141368D52C8,12,R,4,4.00,0.00,4.00
35,8C960F46941E344723748494E536BA58,23,d,5,5.00,0.00,5.00
47,1309A4FCA41BBBD7879CE2964B7DF386,35,r,6,6.00,0.00,6.00
60,E32C07CFDF575B0F7B973E23A4ED6231,47,U,7,7.00,0.00,7.00
73,240499F604D23E79C88CA667C4F81FED,60,U,8,8.00,0.00,8.00
85,B26CEE2C5903FACDBF1C505389FA97B5,73,U,9,9.00,0.00,9.00
103,4826907F715DAB58B4E4B3437AD30254,85,l,10,10.00,0.00,10.00
128,A1B5BF4409569AD1388FB6E4FA5D4E8F,103,u,11,11.00,0.00,11.00
161,965C835F5F07DC7940C980EDBD8508B3,128,u,12,12.00,0.00,12.00
204,1018518491548E535DD40AB825FA9AE7,161,r,13,13.00,0.00,13.00
254,57DD935B339D51C38985C0C66BE73F27,204,D,14,14.00,0.00,14.00
326,6FD2CD368B9C3626EEC02BA727EA43CB,254,l,15,15.00,0.00,15.00
415,12E59CB952C8557C99A4DB787DDAB1E5,326,l,16,16.00,0.00,16.00
517,9A2F4120FB3BEED0599DED6A2E7E912E,415,l,17,17.00,0.00,17.00
626,0022EC2648FC22E38922DF8C40AEAC41,517,d,18,18.00,0.00,18.00
769,6595DDA6B5A25AD325F797C615B91304,626,d,19,19.00,0.00,19.00
945,64A0682B1BA9231A870755CDAE1FA7A9,769,l,20,20.00,0.00,20.00
1162,D1DC609FA48BF0E5453A23044A8FCA5E,945,L,21,21.00,0.00,21.00
1397,535545000F613D06E1BA9E3156913BC5,1162,u,22,22.00,0.00,22.00
1661,8F14F2C9480F376C554F16D35E7A00B1,1397,u,23,23.00,0.00,23.00
1955,9AB5DD9D7FADAACC455B164B7C004579,1661,u,24,24.00,0.00,24.00
2292,28E2683AAEDB6D3905ED998BC99FD344,1955,R,25,25.00,0.00,25.00

###########\n#### $.#  #\n#### #    #\n####   # .#\n#  .$  ## #\n#   ### $ #\n#   ###  @#\n###########
0,F05C8635D686B2CDB2EEF48353C3BDD1,None,NOTHING,0,0.00,0.00,1.00
1,202A6494AB4BD2047726685C0195CEC0,0,u,1,1.00,0.00,0.50
3,261D55BAC6784B65CD3BCD174685A2EB,1,u,2,2.00,0.00,0.33
6,634475350A5A3BD0B259C9B8CED62552,3,u,3,3.00,0.00,0.25
8,5769D8667D97091F01EE17EFBACB2CBD,6,u,4,4.00,0.00,0.20
11,F15196EB80644909CB595A609C1BF4AA,8,u,5,5.00,0.00,0.17
15,1DCDC7D543F270EC293EFD082F713E4F,11,l,6,6.00,0.00,0.14
17,2972E409BBA96893880A21ED85EFC78C,15,d,7,7.00,0.00,0.12
21,736D6DBF60A27C3CB9A8FDBECAB64A91,17,l,8,8.00,0.00,0.11
25,4302F25F38300C55FCD022FA26F5B12E,21,l,9,9.00,0.00,0.10
28,3AD531C1188722C20EC6FAB35A5835F3,25,d,10,10.00,0.00,0.09
3441,46A078B2C3944C6EBD5BB84B8C853070,28,d,11,11.00,0.00,0.08
3444,6CF1CFC22DDFE47582F43BB1BA7046D4,3441,l,12,12.00,0.00,0.08
3445,551CAAFCA40295F753CAE0026258E70E,3444,u,13,13.00,0.00,0.07
3450,CC73C7B44C5F214CFFE71A0883683A69,3445,l,14,14.00,0.00,0.07
3451,59C37FEB2A0799A4232402EC2A6D17B3,3450,u,15,15.00,0.00,0.06
3453,A692E1BD132928981ED329E4AF0B8F53,3451,u,16,16.00,0.00,0.06
3455,652D10ED6DBF73AEC1097DBD0373DA47,3453,R,17,17.00,0.00,0.06
3457,DE5CA626D361A81C3860EBDED9A600E7,3455,l,18,18.00,0.00,0.05
3459,EE1907BCEBBF424F3D5B47C76E18F44F,3457,d,19,19.00,0.00,0.05
3461,B9553AFF87ED2F2BDBCE5F7C626ABFA1,3459,d,20,20.00,0.00,0.05
3463,71914B22127C110F83914D973DCF6F1E,3461,r,21,21.00,0.00,0.05
3464,3B9CDE1F5D45C284AF65CD8181E259A6,3463,r,22,22.00,0.00,0.04
3467,D3449538CE8FB8102B35B7B014652F5A,3464,u,23,23.00,0.00,0.04
3470,6ADED9FFB4FF55D4328C9B16D8C31B0C,3467,r,24,24.00,0.00,0.04
3472,7F326CACAD0B6C1CE17C2A9E51675514,3470,r,25,25.00,0.00,0.04
3474,AC3E8C1019A6CE43FE8A47C24399CD55,3472,u,26,26.00,0.00,0.04
3478,B8122A05719CB92EA981D57F7F1D0BDB,3474,r,27,27.00,0.00,0.04
3480,280A4CE5FA3F6F76B6C32CCEC819F131,3478,d,28,28.00,0.00,0.03
3483,24D19ECA5CB30C7CC20B7B82D5813F57,3480,d,29,29.00,0.00,0.03
3486,6DDFAB0162CFD3D966C8005089C62CA2,3483,d,30,30.00,0.00,0.03
3489,1F6A7A7A871F5F21C5721F1E61637CE3,3486,d,31,31.00,0.00,0.03
3491,A360F01F9F007C6919634BFCEFB4E595,3489,d,32,32.00,0.00,0.03
3494,AF46B9B52410F8C3A6DEBD3D5DBAB4F2,3491,l,33,33.00,0.00,0.03
3496,E844D6830DF4B423448521529FE53DBC,3494,l,34,34.00,0.00,0.03
3497,89CAD25BD7DAF98A92DB9935CE5B67AD,3496,u,35,35.00,0.00,0.03
3499,FD318CAF2E81446E0D046700F583EE95,3497,R,36,36.00,0.00,0.03
3501,4E9636A053CBA78AFFE608C1A3CDCEA4,3499,d,37,37.00,0.00,0.03
3504,BB2B042701F381F84B0AA45BC178E712,3501,r,38,38.00,0.00,0.03
3506,33DDCB55155A9BEB5EE4F3DE297016FA,3504,U,39,39.00,0.00,0.03
3508,4FFEBD00E4C62B9544C2ABC805BE05BF,3506,U,40,40.00,0.00,0.02
3511,CAAE39BECD4DCBC110C545C7ED369793,3508,U,41,41.00,0.00,0.02
3515,3DD4E5856404A115512E6341285E71BD,3511,l,42,42.00,0.00,0.02
3989,D4FF54AB59A51345BB3DB8F729453B65,3515,u,43,43.00,0.00,0.02
3991,1D97D4BBB2C4906713A0FC5D1ED7EF33,3989,u,44,44.00,0.00,0.02
3994,702C6F126D636E6C1B7F295D08BBCB48,3991,r,45,45.00,0.00,0.02
3996,68C598D3E2004BAFD295F841FF204103,3994,D,46,46.00,0.00,0.02
3998,E6766B7B6ADFB98A6220DD1ECA789CDF,3996,u,47,47.00,0.00,0.02
4002,F4FF6E193EB8E4E4BBC82DAF8806D205,3998,l,48,48.00,0.00,0.02
4004,1B8BBFBDE200FC406BECF1C5764E4AA6,4002,d,49,49.00,0.00,0.02
4008,866B0C960596829DD0841D7592250DCA,4004,l,50,50.00,0.00,0.02
4011,1A6C311577420413F1EFBEEFF0619368,4008,l,51,51.00,0.00,0.02
4013,6C8300F8766567C13967C6492EF1D52B,4011,d,52,52.00,0.00,0.02
4015,991AA5982A871452B6F2F66FD5BC2859,4013,d,53,53.00,0.00,0.02
4018,0C5EBD789E877082DD51A7A682757140,4015,l,54,54.00,0.00,0.02
4021,0502A71B54C84FF93FF7FCD2EB95A2FA,4018,L,55,55.00,0.00,0.02

###########\n#### $.#  #\n#### #    #\n####   # .#\n#  .$  ## #\n#   ### $ #\n#   ###  @#\n###########
0,F05C8635D686B2CDB2EEF48353C3BDD1,None,NOTHING,0,0.00,0.00,0.00
2,1E3CBC14580BA93FFAB905F90E0B56D4,0,l,1,1.00,0.00,1.00
7,CA7E63F98A4E10EC3316D4778A739787,2,l,2,2.00,0.00,2.00
12,CC2AF1F2C3D67D69D9BBB7E382665FF7,7,u,3,3.00,0.00,3.00
23,1300C1434F75307C8A647141368D52C8,12,R,4,4.00,0.00,4.00
35,8C960F46941E344723748494E536BA58,23,d,5,5.00,0.00,5.00
47,1309A4FCA41BBBD7879CE2964B7DF386,35,r,6,6.00,0.00,6.00
60,E32C07CFDF575B0F7B973E23A4ED6231,47,U,7,7.00,0.00,7.00
73,240499F604D23E79C88CA667C4F81FED,60,U,8,8.00,0.00,8.00
85,B26CEE2C5903FACDBF1C505389FA97B5,73,U,9,9.00,0.00,9.00
103,4826907F715DAB58B4E4B3437AD30254,85,l,10,10.00,0.00,10.00
128,A1B5BF4409569AD1388FB6E4FA5D4E8F,103,u,11,11.00,0.00,11.00
161,965C835F5F07DC7940C980EDBD8508B3,128,u,12,12.00,0.00,12.00
204,1018518491548E535DD40AB825FA9AE7,161,r,13,13.00,0.00,13.00
254,57DD935B339D51C38985C0C66BE73F27,204,D,14,14.00,0.00,14.00
326,6FD2CD368B9C3626EEC02BA727EA43CB,254,l,15,15.00,0.00,15.00
415,12E59CB952C8557C99A4DB787DDAB1E5,326,l,16,16.00,0.00,16.00
517,9A2F4120FB3BEED0599DED6A2E7E912E,415,l,17,17.00,0.00,17.00
626,0022EC2648FC22E38922DF8C40AEAC41,517,d,18,18.00,0.00,18.00
769,6595DDA6B5A25AD325F797C615B91304,626,d,19,19.00,0.00,19.00
945,64A0682B1BA9231A870755CDAE1FA7A9,769,l,20,20.00,0.00,20.00
1162,D1DC609FA48BF0E5453A23044A8FCA5E,945,L,21,21.00,0.00,21.00
1397,535545000F613D06E1BA9E3156913BC5,1162,u,22,22.00,0.00,22.00
1661,8F14F2C9480F376C554F16D35E7A00B1,1397,u,23,23.00,0.00,23.00
1955,9AB5DD9D7FADAACC455B164B7C004579,1661,u,24,24.00,0.00,24.00
2292,28E2683AAEDB6D3905ED998BC99FD344,1955,R,25,25.00,0.00,25.00

###########\n#### @ #  #\n#### #    #\n####.$ #  #\n#.  $  ##.#\n#   ### $ #\n#   ###   #\n###########
0,B30121162721FC052DB0C9873496736F,None,NOTHING,0,0.00,0.00,0.00
1,38A3F302CB46C8CAAB78DB4859C219C9,0,r,1,1.00,0.00,1.00
3,3566BEE1240E03BFCE55FCB9E0264E25,1,d,2,2.00,0.00,2.00
9,1A3CD192BDB931F921CFB60D05FDCB0F,3,d,3,3.00,0.00,3.00
16,BFCC4DE6D66D2F6D67CA68468BFE7F96,9,L,4,4.00,0.00,4.00
26,D49AC5CDA17D5B9FBAE5B266945BB0D1,16,d,5,5.00,0.00,5.00
43,2F9430E0C8F0F7972340A868E39BA383,26,L,6,6.00,0.00,6.00
64,F24A9AE9CD35074F3342043BC2243CE2,43,L,7,7.00,0.00,7.00
94,93491ADB1CC121FD8D82CE7CE60511AB,64,L,8,8.00,0.00,8.00
149,261A0E0BCD848182290EC6B4D22A0620,94,r,9,9.00,0.00,9.00
233,00CEE9F336DDCE8DAF8931C2E6369D9A,149,r,10,10.00,0.00,10.00
354,E282FF4CE8E43B89679CAE4B32B03482,233,r,11,11.00,0.00,11.00
490,0A9C23131AAA72F8F83DA8DE9590C9E9,354,u,12,12.00,0.00,12.00
636,C6A23454B679B50C788156B257930377,490,r,13,13.00,0.00,13.00
810,26A318A66A5615F821FBD98C1036AD65,636,u,14,14.00,0.00,14.00
1025,6D8C7CA79276DAF496AE72513BB403EF,810,r,15,15.00,0.00,15.00
1262,5181B0E0A2FF44DE1931D78C0AE636FF,1025,r,16,16.00,0.00,16.00
1504,FC9B4F6AB51CCDD737F8069AC746386B,1262,r,17,17.00,0.00,17.00
1768,A230FA5EB22F013FE436C4FD6F591459,1504,d,18,18.00,0.00,18.00
2063,474E294E748CC222EB062E2E0D58312A,1768,d,19,19.00,0.00,19.00
2355,BB41EE81F18A22707B84597AC24DAB04,2063,d,20,20.00,0.00,20.00
2661,66EFA3F40E50B5A95D158BC0D348234D,2355,d,21,21.00,0.00,21.00
2994,898868C89D1064E822344188AE13C805,2661,l,22,22.00,0.00,22.00
3361,D33D6EE0D337EBC009ACBFA25E3614B1,2994,l,23,23.00,0.00,23.00
3783,072D6D308F52C99B15CF94D6D0D8DC5D,3361,u,24,24.00,0.00,24.00
4233,7A4B305BDB2F32090A09F3827F9474C8,3783,R,25,25.00,0.00,25.00
4702,8B47D16FBD09BEBFDC5AB2B3658A8073,4233,d,26,26.00,0.00,26.00
5191,BEAA2CA0268C2489CFE093C69C6D5A92,4702,r,27,27.00,0.00,27.00
5717,3188761100D8C75F9EC43ECA58D08649,5191,U,28,28.00,0.00,28.00

###########\n#### @ #  #\n#### #    #\n####.$ #  #\n#.  $  ##.#\n#   ### $ #\n#   ###   #\n###########
0,B30121162721FC052DB0C9873496736F,None,NOTHING,0,0.00,0.00,1.00
1,38A3F302CB46C8CAAB78DB4859C219C9,0,r,1,1.00,0.00,0.50
3,3566BEE1240E03BFCE55FCB9E0264E25,1,d,2,2.00,0.00,0.33
6,3F292209994E72A795F93301C9D54C1B,3,r,3,3.00,0.00,0.25
8,E4F8FE9CBFBB1BA1B76038A2263DA2AD,6,r,4,4.00,0.00,0.20
10,9437A5B83442DA35AD1E70F722477564,8,u,5,5.00,0.00,0.17
14,8204F445F9EDAF34ABD7793BB236A58F,10,r,6,6.00,0.00,0.14
16,B8082F9CC907E3E69BB84D6ADA35C4E1,14,d,7,7.00,0.00,0.12
19,E18AC1652B2D964653B110E2DA21227F,16,d,8,8.00,0.00,0.11
22,8A15685A16F1BD8979F35ADCB7454DBB,19,d,9,9.00,0.00,0.10
25,EBDB62B33AF2833C369422B7DCD401D1,22,d,10,10.00,0.00,0.09
27,971B58D7B5C1E8DDDC3E3FA8D3D89D48,25,d,11,11.00,0.00,0.08
30,F2B5B702BE76343E599DC5C799B28E06,27,l,12,12.00,0.00,0.08
32,70542A0EA16B888BE67EF8D7C3D77215,30,l,13,13.00,0.00,0.07
33,B2F3F569065BC202B1AF19BDC8E50A99,32,u,14,14.00,0.00,0.07
35,D0FC32331DE78FD6FDCE7C8AEFAAC263,33,R,15,15.00,0.00,0.06
37,16FDF22D777DB22E894F4AC742086621,35,d,16,16.00,0.00,0.06
40,076696938A9EB6C43E29A41E3BF5C79F,37,r,17,17.00,0.00,0.06
42,0F27A967D6688C3D545D480E807C341C,40,U,18,18.00,0.00,0.05
44,BDDBF4B867EE0D7A1E95740C56C5F682,42,U,19,19.00,0.00,0.05
47,6746C14F5DF282056727A9A4101B7FA5,44,U,20,20.00,0.00,0.05
51,51506531D7AD41DF4E7096CE6A9FA5A9,47,l,21,21.00,0.00,0.05
3803,9D9754F28E871DC09ACF1C5FF324FC11,51,u,22,22.00,0.00,0.04
3805,561EE121B409DC126D52F4867EBB79D4,3803,u,23,23.00,0.00,0.04
3808,0982F6A1F9213112713BB7D41A39C9B8,3805,r,24,24.00,0.00,0.04
3810,4A33099BED20B68C7184CDC37BA0F256,3808,D,25,25.00,0.00,0.04
3812,D9CF30C2BFA3953831080D89EF1F92C8,3810,u,26,26.00,0.00,0.04
3816,49B480ACD09E7A7FE457B559998EE814,3812,l,27,27.00,0.00,0.04
3818,5F09B79E6F2C2826DA5145D21EB2B966,3816,d,28,28.00,0.00,0.03
3822,2AD298A73864B12800B82271B7FE3B6D,3818,l,29,29.00,0.00,0.03
3825,BFBB0727A7BD759CF9461332E47AE369,3822,l,30,30.00,0.00,0.03
3828,D4D73C1EAAF03EDFA1C4DED27B9968EB,3825,d,31,31.00,0.00,0.03
8567,0C07F6E3D750F2B0B818EBCCE770F9C8,3828,d,32,32.00,0.00,0.03
8570,2350223717688DDFC6B941AD8F7CDA92,8567,l,33,33.00,0.00,0.03
8572,9C81FFF489A3DF30C73B936CD50C0B0B,8570,L,34,34.00,0.00,0.03
8573,9E6E84A2B0563AE9B018137517F89596,8572,u,35,35.00,0.00,0.03
8576,B48B1C995A6043D943AB85C44034F3F8,8573,u,36,36.00,0.00,0.03
8579,8EBEF3E82F5E9AB6ADE6A5C0D3E65839,8576,u,37,37.00,0.00,0.03
8581,03B8BF88AEDD56E4AFE56BAB6CFE8F07,8579,r,38,38.00,0.00,0.03
8583,13CD99904BC97A7484AB941717EB3E90,8581,r,39,39.00,0.00,0.03
8585,E32CE627D2DD28E2C194BA7C0C8224E2,8583,d,40,40.00,0.00,0.02
8588,7E7A62F60ABED7699AAF2BB19ED493FC,8585,r,41,41.00,0.00,0.02
8590,49A53DCBF3AD35F1B71FE9A7B1AEA15D,8588,r,42,42.00,0.00,0.02
8592,692ADE3F19F67D2A45443E43EE5AAA3C,8590,u,43,43.00,0.00,0.02
8596,043BEA360ACD4B7ED038F1AA16E05152,8592,r,44,44.00,0.00,0.02
8598,1E5BBFC0629107A033166253D27BEB53,8596,d,45,45.00,0.00,0.02
8601,07D8A0BC47A808653CCF89A857658F1C,8598,D,46,46.00,0.00,0.02
8603,1BFC9E0E6E879A06DB21A0F24BAD7CD9,8601,u,47,47.00,0.00,0.02
8606,2AF5DB44EE35373B149D778382DDF88D,8603,u,48,48.00,0.00,0.02
8610,F964CC78EDC96B5798C86D5DABDED1FB,8606,l,49,49.00,0.00,0.02
8612,7912F4644AC7516E6641159F6AB659EA,8610,d,50,50.00,0.00,0.02
8616,DF763DB5C1FD69DCB757672EAEFE5937,8612,l,51,51.00,0.00,0.02
8620,9992C826C5C85F49E7A44162E5742EF6,8616,l,52,52.00,0.00,0.02
8621,4C9E3A960116247382D6F0F133B09FD1,8620,u,53,53.00,0.00,0.02
8625,1D9FF43EBE1D41AA6A0219C0AA57754C,8621,l,54,54.00,0.00,0.02
8627,C3A0FC66A03BEC484B8794DEE1AD04DB,8625,l,55,55.00,0.00,0.02
8629,0ECA91C0E7193CCBA8084F0ADC6F881D,8627,d,56,56.00,0.00,0.02
8631,85356BCE38A2C4D4CBD1260B68C10432,8629,d,57,57.00,0.00,0.02
8634,03B7DD31BB588C449EC2EF37D767D6EF,8631,d,58,58.00,0.00,0.02
8636,C20769B755C36BF8E17269878C25976A,8634,r,59,59.00,0.00,0.02
8638,B161DA28DDAF0A80736A1BCDEBD2C8E3,8636,r,60,60.00,0.00,0.02
8640,4E0A3BAC415554F73EE791DBBF8D1422,8638,u,61,61.00,0.00,0.02
8644,EDAD3838B171B5EB6CFF35FAF16E0704,8640,L,62,62.00,0.00,0.02
8645,F723DA10CCE187AF024B3646676E7A6E,8644,r,63,63.00,0.00,0.02
8648,C524A2E3E583810ABC992E56FA56CF85,8645,d,64,64.00,0.00,0.02
10316,907E0E0714503BED306050445BAC1E50,8648,l,65,65.00,0.00,0.02
10319,3FE350A7E123468117B2C73F83E78D54,10316,l,66,66.00,0.00,0.01
10320,570D25434FB1012AEFFBC57916D18C62,10319,U,67,67.00,0.00,0.01
10324,6631BE09E10C1583193BEA580A9399E9,10320,r,68,68.00,0.00,0.01
10876,8492254FCC4595E4A118BDB12D2C86BF,10324,r,69,69.00,0.00,0.01
10880,82A1852E863BA03BF7AD1CF8BA1F73CE,10876,d,70,70.00,0.00,0.01
10910,00541CBD12BC1EF250A2C392C4B7DC2B,10880,l,71,71.00,0.00,0.01
10913,AB5D5EF75AFA278D61AF6F27A87C57AC,10910,l,72,72.00,0.00,0.01
10916,5C909F7CCD0BCCF9EB58F838F45DF678,10913,L,73,73.00,0.00,0.01
10917,A3C26EE2807ACA8AB84D76F2917C43F3,10916,r,74,74.00,0.00,0.01
10920,A9F2112DA9F15520FA32A4FA62B19C75,10917,u,75,75.00,0.00,0.01
10924,2065B87F9C1EC6B138C0E78F7B0DCDC0,10920,r,76,76.00,0.00,0.01
10926,3594A47C1B13525A752BBF5CF2977652,10924,r,77,77.00,0.00,0.01
10929,3A3200FEB91654AB880AAB1E89C1E3D9,10926,u,78,78.00,0.00,0.01
10932,1659D8011E377F0731AAAD7548081372,10929,u,79,79.00,0.00,0.01
10936,9ACFEBC5577D2DD4BB8F3AD2D9AFE416,10932,l,80,80.00,0.00,0.01
10938,51D692EE38F9345F24A855C9A4355C97,10936,l,81,81.00,0.00,0.01
10940,444669C37F122C523943EAEED9905158,10938,D,82,82.00,0.00,0.01
10941,10C1F6741A22C9BA96475045C43F8C6A,10940,u,83,83.00,0.00,0.01
10943,25C2E0A4A3ED4C61A665B57EFFCF4F72,10941,r,84,84.00,0.00,0.01
10945,0923B7C78012A334595C1105E37550BD,10943,r,85,85.00,0.00,0.01
10947,AF09922A43F3F7D0A9AB1FDACEB0A591,10945,d,86,86.00,0.00,0.01
10951,78F0FE101CB8DE4B22B1A999B93C8DF1,10947,d,87,87.00,0.00,0.01
10971,94969B358012B592A372A9B49E38CE6F,10951,d,88,88.00,0.00,0.01
10974,CF2B9F7D665028DD14928B4BA846B1BB,10971,l,89,89.00,0.00,0.01
10977,ED19AF0E1CD7D092C688982EDA831199,10974,l,90,90.00,0.00,0.01
10982,72E7D008291580478F77427CD472A0BB,10977,l,91,91.00,0.00,0.01
10985,31C815D031466E4D3FEE1874697A4F09,10982,L,92,92.00,0.00,0.01

###########\n#### @ #  #\n#### #    #\n####.$ #  #\n#.  $  ##.#\n#   ### $ #\n#   ###   #\n###########
0,B30121162721FC052DB0C9873496736F,None,NOTHING,0,0.00,0.00,0.00
1,38A3F302CB46C8CAAB78DB4859C219C9,0,r,1,1.00,0.00,1.00
3,3566BEE1240E03BFCE55FCB9E0264E25,1,d,2,2.00,0.00,2.00
9,1A3CD192BDB931F921CFB60D05FDCB0F,3,d,3,3.00,0.00,3.00
16,BFCC4DE6D66D2F6D67CA68468BFE7F96,9,L,4,4.00,0.00,4.00
26,D49AC5CDA17D5B9FBAE5B266945BB0D1,16,d,5,5.00,0.00,5.00
43,2F9430E0C8F0F7972340A868E39BA383,26,L,6,6.00,0.00,6.00
64,F24A9AE9CD35074F3342043BC2243CE2,43,L,7,7.00,0.00,7.00
94,93491ADB1CC121FD8D82CE7CE60511AB,64,L,8,8.00,0.00,8.00
149,261A0E0BCD848182290EC6B4D22A0620,94,r,9,9.00,0.00,9.00
233,00CEE9F336DDCE8DAF8931C2E6369D9A,149,r,10,10.00,0.00,10.00
354,E282FF4CE8E43B89679CAE4B32B03482,233,r,11,11.00,0.00,11.00
490,0A9C23131AAA72F8F83DA8DE9590C9E9,354,u,12,12.00,0.00,12.00
636,C6A23454B679B50C788156B257930377,490,r,13,13.00,0.00,13.00
810,26A318A66A5615F821FBD98C1036AD65,636,u,14,14.00,0.00,14.00
1025,6D8C7CA79276DAF496AE72513BB403EF,810,r,15,15.00,0.00,15.00
1262,5181B0E0A2FF44DE1931D78C0AE636FF,1025,r,16,16.00,0.00,16.00
1504,FC9B4F6AB51CCDD737F8069AC746386B,1262,r,17,17.00,0.00,17.00
1768,A230FA5EB22F013FE436C4FD6F591459,1504,d,18,18.00,0.00,18.00
2063,474E294E748CC222EB062E2E0D58312A,1768,d,19,19.00,0.00,19.00
2355,BB41EE81F18A22707B84597AC24DAB04,2063,d,20,20.00,0.00,20.00
2661,66EFA3F40E50B5A95D158BC0D348234D,2355,d,21,21.00,0.00,21.00
2994,898868C89D1064E822344188AE13C805,2661,l,22,22.00,0.00,22.00
3361,D33D6EE0D337EBC009ACBFA25E3614B1,2994,l,23,23.00,0.00,23.00
3783,072D6D308F52C99B15CF94D6D0D8DC5D,3361,u,24,24.00,0.00,24.00
4233,7A4B305BDB2F32090A09F3827F9474C8,3783,R,25,25.00,0.00,25.00
4702,8B47D16FBD09BEBFDC5AB2B3658A8073,4233,d,26,26.00,0.00,26.00
5191,BEAA2CA0268C2489CFE093C69C6D5A92,4702,r,27,27.00,0.00,27.00
5717,3188761100D8C75F9EC43ECA58D08649,5191,U,28,28.00,0.00,28.00

###########\n####  @#  #\n####$#.   #\n#### $ #  #\n#    . ##.#\n#   ### $ #\n#   ###   #\n###########
0,E71B30A260410C143A6C6BB1F84A6CA0,None,NOTHING,0,0.00,0.00,0.00
1,BA19F69BF3AA9668F94DF3F6777279C4,0,d,1,1.00,0.00,1.00
4,53FB7E9FB68E0D5BFC295B2246FFC968,1,r,2,2.00,0.00,2.00
8,6D442579E02F65634896CBE51A4D7812,4,r,3,3.00,0.00,3.00
16,DDFB7D1D9D4BB326B92386AAC1C70DBC,8,r,4,4.00,0.00,4.00
28,A0A22B0DDFF9ED8ECE2F801CF6204390,16,d,5,5.00,0.00,5.00
47,5DC5883D8BCBA9EE10A2856706CE0988,28,d,6,6.00,0.00,6.00
66,1125DDB685FD6F72AC1D035F638436DB,47,d,7,7.00,0.00,7.00
90,8514ADC4295EF6209147EC58C6BB767F,66,d,8,8.00,0.00,8.00
126,F99C02D44BBAF6FC4F06BAD66ED9A099,90,l,9,9.00,0.00,9.00
183,DE338923B6CA6C83ECA7119230E46384,126,l,10,10.00,0.00,10.00
250,5A70ECCC6687B1D16FFC4AA7C8D2DB85,183,u,11,11.00,0.00,11.00
329,77CF57CA7401934079D2242D00C90E60,250,R,12,12.00,0.00,12.00
428,1BD296A06F1C1F82F38335A1846A70BA,329,d,13,13.00,0.00,13.00
549,67D5123277CA96FE5597A8BAAAD62BAB,428,r,14,14.00,0.00,14.00
697,03FBEDD9CD6C85BFCA2130314F80FB5A,549,U,15,15.00,0.00,15.00
878,DA40585AFE222430249711C6B1FCF6D9,697,U,16,16.00,0.00,16.00
1093,A88EFB7EE1B85D81D3A1A76C00CC45D6,878,U,17,17.00,0.00,17.00
1350,FAB51BB7F183D0E217A4D30040F34536,1093,l,18,18.00,0.00,18.00
1637,0F702F83A1A549125A8B0F66A30CBAF3,1350,u,19,19.00,0.00,19.00
1936,BD4A8742896B1863003B76C4E9C09823,1637,u,20,20.00,0.00,20.00
2245,7363FB8B79BA6331D77E35A866F0D5FB,1936,r,21,21.00,0.00,21.00
2567,DBF0E339FEC9F749DC90165300F6C4C2,2245,D,22,22.00,0.00,22.00
2924,A3C93513B25463AAC09D95CB9700C13B,2567,D,23,23.00,0.00,23.00
3298,EF1412276D3B5670DEC92C68F21B2065,2924,u,24,24.00,0.00,24.00
3702,258117E0DBD359D3C4FB8126A8F68A21,3298,l,25,25.00,0.00,25.00
4138,6963ADF1387CEF8201E024C91C7EF028,3702,l,26,26.00,0.00,26.00
4619,CD1F7C180C0AF573E198E544DFAAE179,4138,l,27,27.00,0.00,27.00
5128,BB8D4B77AA80D90FCBE64531FC4480FC,4619,u,28,28.00,0.00,28.00
5698,E29617725A7EF86FB81FAC9635902BB2,5128,l,29,29.00,0.00,29.00
6293,8858E19B006D23ED714C9EE278397E6E,5698,l,30,30.00,0.00,30.00
6945,867F362DA2CCE31BC098CAC83F19F05C,6293,D,31,31.00,0.00,31.00
7676,75941527F54CF5F3E6F74AA20DFC069A,6945,D,32,32.00,0.00,32.00
8535,0E6406FE74E18C134C643BF44D364D2A,7676,R,33,33.00,0.00,33.00
9452,ACC2913A4CF744391B82BB75A9444408,8535,d,34,34.00,0.00,34.00
10379,EB3EEC437E24D80F3FE20A2C102B3834,9452,r,35,35.00,0.00,35.00
11348,133BFAD9A458F52BDD38B663011C7108,10379,U,36,36.00,0.00,36.00
12424,11DDF0202C6D6643D80ACB29E0D0D975,11348,d,37,37.00,0.00,37.00
13615,A6AA3FB7935F0E647A97172263B54346,12424,l,38,38.00,0.00,38.00
14916,3B011849FB3822D4B7067BC805948EA8,13615,L,39,39.00,0.00,39.00
16257,05F6B26C90E0D55B9996F490F60739BC,14916,L,40,40.00,0.00,40.00
17593,0C708291D7CB40BF943ED222EE4D1F28,16257,d,41,41.00,0.00,41.00
18960,B36944096BB837BF03996815B3252174,17593,l,42,42.00,0.00,42.00
20371,642C22650F87E66E0DA696CAA5B59D5B,18960,l,43,43.00,0.00,43.00
21783,AC1CBB4600252438C47837ACDE7D06BA,20371,u,44,44.00,0.00,44.00
23189,251E466D38A1784FD2132388C951FB8F,21783,R,45,45.00,0.00,45.00
24609,D5CE7715220125346717B58E1CA3EE9C,23189,R,46,46.00,0.00,46.00
25995,D18D2EF622DF05DC72C3A64C6F9FCBCA,24609,R,47,47.00,0.00,47.00

0 No solution
###########\n####  @#  #\n####$#.   #\n#### $ #  #\n#    . ##.#\n#   ### $ #\n#   ###   #\n###########
0,E71B30A260410C143A6C6BB1F84A6CA0,None,NOTHING,0,0.00,0.00,0.00
1,BA19F69BF3AA9668F94DF3F6777279C4,0,d,1,1.00,0.00,1.00
4,53FB7E9FB68E0D5BFC295B2246FFC968,1,r,2,2.00,0.00,2.00
8,6D442579E02F65634896CBE51A4D7812,4,r,3,3.00,0.00,3.00
16,DDFB7D1D9D4BB326B92386AAC1C70DBC,8,r,4,4.00,0.00,4.00
28,A0A22B0DDFF9ED8ECE2F801CF6204390,16,d,5,5.00,0.00,5.00
47,5DC5883D8BCBA9EE10A2856706CE0988,28,d,6,6.00,0.00,6.00
66,1125DDB685FD6F72AC1D035F638436DB,47,d,7,7.00,0.00,7.00
90,8514ADC4295EF6209147EC58C6BB767F,66,d,8,8.00,0.00,8.00
126,F99C02D44BBAF6FC4F06BAD66ED9A099,90,l,9,9.00,0.00,9.00
183,DE338923B6CA6C83ECA7119230E46384,126,l,10,10.00,0.00,10.00
250,5A70ECCC6687B1D16FFC4AA7C8D2DB85,183,u,11,11.00,0.00,11.00
329,77CF57CA7401934079D2242D00C90E60,250,R,12,12.00,0.00,12.00
428,1BD296A06F1C1F82F38335A1846A70BA,329,d,13,13.00,0.00,13.00
549,67D5123277CA96FE5597A8BAAAD62BAB,428,r,14,14.00,0.00,14.00
697,03FBEDD9CD6C85BFCA2130314F80FB5A,549,U,15,15.00,0.00,15.00
878,DA40585AFE222430249711C6B1FCF6D9,697,U,16,16.00,0.00,16.00
1093,A88EFB7EE1B85D81D3A1A76C00CC45D6,878,U,17,17.00,0.00,17.00
1350,FAB51BB7F183D0E217A4D30040F34536,1093,l,18,18.00,0.00,18.00
1637,0F702F83A1A549125A8B0F66A30CBAF3,1350,u,19,19.00,0.00,19.00
1936,BD4A8742896B1863003B76C4E9C09823,1637,u,20,20.00,0.00,20.00
2245,7363FB8B79BA6331D77E35A866F0D5FB,1936,r,21,21.00,0.00,21.00
2567,DBF0E339FEC9F749DC90165300F6C4C2,2245,D,22,22.00,0.00,22.00
2924,A3C93513B25463AAC09D95CB9700C13B,2567,D,23,23.00,0.00,23.00
3298,EF1412276D3B5670DEC92C68F21B2065,2924,u,24,24.00,0.00,24.00
3702,258117E0DBD359D3C4FB8126A8F68A21,3298,l,25,25.00,0.00,25.00
4138,6963ADF1387CEF8201E024C91C7EF028,3702,l,26,26.00,0.00,26.00
4619,CD1F7C180C0AF573E198E544DFAAE179,4138,l,27,27.00,0.00,27.00
5128,BB8D4B77AA80D90FCBE64531FC4480FC,4619,u,28,28.00,0.00,28.00
5698,E29617725A7EF86FB81FAC9635902BB2,5128,l,29,29.00,0.00,29.00
6293,8858E19B006D23ED714C9EE278397E6E,5698,l,30,30.00,0.00,30.00
6945,867F362DA2CCE31BC098CAC83F19F05C,6293,D,31,31.00,0.00,31.00
7676,75941527F54CF5F3E6F74AA20DFC069A,6945,D,32,32.00,0.00,32.00
8535,0E6406FE74E18C134C643BF44D364D2A,7676,R,33,33.00,0.00,33.00
9452,ACC2913A4CF744391B82BB75A9444408,8535,d,34,34.00,0.00,34.00
10379,EB3EEC437E24D80F3FE20A2C102B3834,9452,r,35,35.00,0.00,35.00
11348,133BFAD9A458F52BDD38B663011C7108,10379,U,36,36.00,0.00,36.00
12424,11DDF0202C6D6643D80ACB29E0D0D975,11348,d,37,37.00,0.00,37.00
13615,A6AA3FB7935F0E647A97172263B54346,12424,l,38,38.00,0.00,38.00
14916,3B011849FB3822D4B7067BC805948EA8,13615,L,39,39.00,0.00,39.00
16257,05F6B26C90E0D55B9996F490F60739BC,14916,L,40,40.00,0.00,40.00
17593,0C708291D7CB40BF943ED222EE4D1F28,16257,d,41,41.00,0.00,41.00
18960,B36944096BB837BF03996815B3252174,17593,l,42,42.00,0.00,42.00
20371,642C22650F87E66E0DA696CAA5B59D5B,18960,l,43,43.00,0.00,43.00
21783,AC1CBB4600252438C47837ACDE7D06BA,20371,u,44,44.00,0.00,44.00
23189,251E466D38A1784FD2132388C951FB8F,21783,R,45,45.00,0.00,45.00
24609,D5CE7715220125346717B58E1CA3EE9C,23189,R,46,46.00,0.00,46.00
25995,D18D2EF622DF05DC72C3A64C6F9FCBCA,24609,R,47,47.00,0.00,47.00

###########\n####   #  #\n####$# @  #\n####.$ #  #\n#    . ## #\n# $.###   #\n#   ###   #\n###########
0,96E80412691EF0E43F08EC7B15610CC3,None,NOTHING,0,0.00,0.00,0.00
2,4B88BAFB4345F8C3DCE460D9C409BBEF,0,l,1,1.00,0.00,1.00
7,5FDD6D9C7EFC9DA5D202BD2C0D9E65F9,2,u,2,2.00,0.00,2.00
18,7E5176171C163B1EB5C910CCDC36A512,7,l,3,3.00,0.00,3.00
28,E37F865C4D3916210B1D296EDD730C7C,18,l,4,4.00,0.00,4.00
36,5FE02DCB8F6170F6932F9688B162FDF5,28,D,5,5.00,0.00,5.00
49,B5E809CBDC9B3989955F4D603AF5E62A,36,D,6,6.00,0.00,6.00
67,EBE4E1DB052AC1AC892558D4F7A1EE02,49,u,7,7.00,0.00,7.00
89,20F1A3C184CAE6CAF1E70A6DBC4A2496,67,u,8,8.00,0.00,8.00
118,11061D8886C5F71F9C8C5C940301D8C7,89,r,9,9.00,0.00,9.00
165,51A01A678A07AC8808D97BD497479965,118,r,10,10.00,0.00,10.00
242,9E5AA84635A59FA07E531DDF19AA359E,165,d,11,11.00,0.00,11.00
337,534E179855FB3F0B23B040A5DE02C409,242,d,12,12.00,0.00,12.00
465,4859A91300C5F8C58983981EB3A15CA8,337,L,13,13.00,0.00,13.00
651,46AED014F3115E8D3AD42BAE52CF8D87,465,d,14,14.00,0.00,14.00
890,A8741DECAA6156231B7C31130CA4B2DD,651,L,15,15.00,0.00,15.00
1176,DCACB59479E0F30BB17F2F9776620D69,890,L,16,16.00,0.00,16.00
1510,3F5129B4984DC048EA69D9D46EF00E21,1176,d,17,17.00,0.00,17.00
1962,390C00306FE89E339D87A9B6DC356BEE,1510,d,18,18.00,0.00,18.00
2480,B1C2183FFB31B26FEF103CCA36311939,1962,l,19,19.00,0.00,19.00
3098,96136E3BCC7A2C2C0B3B04089756DBDE,2480,l,20,20.00,0.00,20.00
3818,E2B3E837BD820D4F7286A5BECAF13312,3098,u,21,21.00,0.00,21.00
4655,124906CBAA95F03DEBB7EFD419C87F90,3818,R,22,22.00,0.00,22.00
5598,ED6B3DD307C5D18385FFE3F5DE4EDEFA,4655,l,23,23.00,0.00,23.00
6664,97D3A6B2942572D76A16648548A3A072,5598,u,24,24.00,0.00,24.00
7743,C8CBF754914E80ACC7C6B73E2A8EAD4A,6664,R,25,25.00,0.00,25.00
8884,56CB36D800D13FF9854FD4171CFB10A3,7743,R,26,26.00,0.00,26.00
10068,2A62D718B0187F9D4CC1A3A9319CBBD6,8884,R,27,27.00,0.00,27.00

###########\n####   #  #\n####$# @  #\n####.$ #  #\n#    . ## #\n# $.###   #\n#   ###   #\n###########
0,96E80412691EF0E43F08EC7B15610CC3,None,NOTHING,0,0.00,0.00,1.00
2,4B88BAFB4345F8C3DCE460D9C409BBEF,0,l,1,1.00,0.00,0.50
36,5FDD6D9C7EFC9DA5D202BD2C0D9E65F9,2,u,2,2.00,0.00,0.33
40,7E5176171C163B1EB5C910CCDC36A512,36,l,3,3.00,0.00,0.25
42,E37F865C4D3916210B1D296EDD730C7C,40,l,4,4.00,0.00,0.20
44,5FE02DCB8F6170F6932F9688B162FDF5,42,D,5,5.00,0.00,0.17
46,B5E809CBDC9B3989955F4D603AF5E62A,44,D,6,6.00,0.00,0.14
23909,EBE4E1DB052AC1AC892558D4F7A1EE02,46,u,7,7.00,0.00,0.12
23911,20F1A3C184CAE6CAF1E70A6DBC4A2496,23909,u,8,8.00,0.00,0.11
23913,11061D8886C5F71F9C8C5C940301D8C7,23911,r,9,9.00,0.00,0.10
23915,51A01A678A07AC8808D97BD497479965,23913,r,10,10.00,0.00,0.09
23917,9E5AA84635A59FA07E531DDF19AA359E,23915,d,11,11.00,0.00,0.08
23921,534E179855FB3F0B23B040A5DE02C409,23917,d,12,12.00,0.00,0.08
23958,7F1CE424C79021EE7259FA7AEB1CAA87,23921,d,13,13.00,0.00,0.07
23961,8FB94CFD73A7147CFD23CA06F27E30E6,23958,l,14,14.00,0.00,0.07
23963,606383377D2C7BF7AF617A4F940E866E,23961,L,15,15.00,0.00,0.06
23964,917C23C27D796B8A1596FAAB33F81C63,23963,u,16,16.00,0.00,0.06
23967,62E8E1485418BA0E094C89BCF09662A5,23964,u,17,17.00,0.00,0.06
23970,90EA9879431432B5138E989CE3AB9837,23967,u,18,18.00,0.00,0.05
23972,A2292ED2CF14FF2D0CCA8F212EF2519E,23970,r,19,19.00,0.00,0.05
23974,103838B477D9CAA17074AE47AC0362D6,23972,r,20,20.00,0.00,0.05
23976,6B70239722E8441CCB433E9F432C4551,23974,d,21,21.00,0.00,0.05
23980,5FE3ABC98FB4C92BC506872F86D45747,23976,d,22,22.00,0.00,0.04
24018,8F7C508F9C94912F8840FD93814F438C,23980,L,23,23.00,0.00,0.04
24023,A861276A39077EE95D5475A19F30B487,24018,r,24,24.00,0.00,0.04
24026,7EFE04E6C7F9DA21629C6D2845E10C5A,24023,d,25,25.00,0.00,0.04
24133,BC0CE7C9C3856FDE24D85BFBFD7A94B4,24026,l,26,26.00,0.00,0.04
24136,A8741DECAA6156231B7C31130CA4B2DD,24133,l,27,27.00,0.00,0.04
24137,7B0E644BE9FA4D645387CC7CDFB1B492,24136,U,28,28.00,0.00,0.03
24141,C9B42FAD28DD6E51AA65473BCEF8B4A7,24137,r,29,29.00,0.00,0.03
25534,CEB0BAE828E004F30B6EAF794F83BC07,24141,r,30,30.00,0.00,0.03
25538,C1EB49FDE3C66841B7BA5888930CF619,25534,d,31,31.00,0.00,0.03
25585,48F6C6A40C7974077E1BB09882664076,25538,l,32,32.00,0.00,0.03
25588,4BEF05C2884A233B7D3A389CB02B8FDE,25585,l,33,33.00,0.00,0.03
25591,2C69954D1A2FA20152CFC842C8496DFA,25588,L,34,34.00,0.00,0.03
25592,DED4E0C3C2EB02E87A88231145FF22FC,25591,r,35,35.00,0.00,0.03
25595,EADAC87240F0338B50710D74F256E406,25592,u,36,36.00,0.00,0.03
25599,40BBF4EAEEB093643069142C11383954,25595,r,37,37.00,0.00,0.03
25601,D92E0BD5791FF4CE69447B3F4191CCF1,25599,r,38,38.00,0.00,0.03
25604,7B77140A547F77C16731E0B66211253E,25601,u,39,39.00,0.00,0.03
25607,5217CD2E7AF67534201A29947E1D9A42,25604,u,40,40.00,0.00,0.02
25611,4FB9227C3076D861946970BE36517A6F,25607,l,41,41.00,0.00,0.02
25613,91C672448995F2FF1203CEF9BA35E114,25611,l,42,42.00,0.00,0.02
25615,CEA0BB1022DE3CAA949ABD38159C1D3A,25613,D,43,43.00,0.00,0.02
25616,19D7EAC838C6EEF5390999729E19D7F1,25615,u,44,44.00,0.00,0.02
25618,79D0EE2F941D6CAAFE3DC6D04F663017,25616,r,45,45.00,0.00,0.02
25620,3391D2FC4702CEF840B0062EDA683981,25618,r,46,46.00,0.00,0.02
25622,FB04D2A02300843421CE693B4D872A1C,25620,d,47,47.00,0.00,0.02
25626,FB21F4164CD7A57D548510B815CDAEC1,25622,d,48,48.00,0.00,0.02
25663,43F30ABE1FDBEC6F1D30E8C28201DC24,25626,d,49,49.00,0.00,0.02
25666,AE6A8D8BC88F19EFCDFB8855DC76266C,25663,l,50,50.00,0.00,0.02
25669,FBA7D6F3BB486B2A820DF68FA512C775,25666,l,51,51.00,0.00,0.02
25674,DCACB59479E0F30BB17F2F9776620D69,25669,l,52,52.00,0.00,0.02
25676,3F5129B4984DC048EA69D9D46EF00E21,25674,d,53,53.00,0.00,0.02
25679,390C00306FE89E339D87A9B6DC356BEE,25676,d,54,54.00,0.00,0.02
25682,B1C2183FFB31B26FEF103CCA36311939,25679,l,55,55.00,0.00,0.02
25684,96136E3BCC7A2C2C0B3B04089756DBDE,25682,l,56,56.00,0.00,0.02
25685,E2B3E837BD820D4F7286A5BECAF13312,25684,u,57,57.00,0.00,0.02
25687,59E11A3973789BD1AD8C892841A20427,25685,u,58,58.00,0.00,0.02
25690,357486947D28698E4779E55D0592B2E6,25687,R,59,59.00,0.00,0.02
25692,54B4833593DF59A79740531EFC334801,25690,R,60,60.00,0.00,0.02
25695,4CEB1CC28E06BAECE978AF292CEDD68D,25692,R,61,61.00,0.00,0.02
25698,84B1D120FFFB1B4607A9B7EE2F6E20E3,25695,U,62,62.00,0.00,0.02
25703,6A6E7FD90849D502311D1D740C820CA0,25698,d,63,63.00,0.00,0.02
25975,8064D784E4CA2A9AC6DEC49ED96A1730,25703,l,64,64.00,0.00,0.02
27258,7CC391A0A88B6442E9FA0DCC7C4E9F27,25975,d,65,65.00,0.00,0.02
27261,47116238B5318780E6B4437930518AF1,27258,d,66,66.00,0.00,0.01
27264,49FD6BD72CC59012945740C96339DA84,27261,l,67,67.00,0.00,0.01
27267,B46DBDC7143986231365829999A54E3D,27264,l,68,68.00,0.00,0.01
27554,21F7206D6A3F215636AD5989A8F244BF,27267,u,69,69.00,0.00,0.01
27557,D6064FB42CF9C8A7F69BF722C69B2423,27554,R,70,70.00,0.00,0.01
27564,35C3EC4B105E77D7CD32A53DF8B96314,27557,u,71,71.00,0.00,0.01
27567,49B8D7D096CFD859D4A7FD643132883D,27564,r,72,72.00,0.00,0.01
27570,150B6A97D45AA3114711606A1046E2E4,27567,r,73,73.00,0.00,0.01
27573,A5278EB9E15A79E25014F67E0D63BED2,27570,u,74,74.00,0.00,0.01
27577,D3819420B0D799F88E1405CA672D42B0,27573,r,75,75.00,0.00,0.01
27579,F2A0B4EFCE114F6AA7E8F00129353397,27577,r,76,76.00,0.00,0.01
27581,5778B1D0D0764561F4CB50FA7EBB75D1,27579,u,77,77.00,0.00,0.01
27584,394818519105B524DDC36F57CE1DB9FF,27581,u,78,78.00,0.00,0.01
27588,7A9D5B06BA2D2D065E222F995957357E,27584,l,79,79.00,0.00,0.01
27590,2E9D2F41C964B9DE2F1E2268CE6C83DF,27588,l,80,80.00,0.00,0.01
27592,5EF93798EB5CA76FBE58FCE586987100,27590,D,81,81.00,0.00,0.01

###########\n####   #  #\n####$# @  #\n####.$ #  #\n#    . ## #\n# $.###   #\n#   ###   #\n###########
0,96E80412691EF0E43F08EC7B15610CC3,None,NOTHING,0,0.00,0.00,0.00
2,4B88BAFB4345F8C3DCE460D9C409BBEF,0,l,1,1.00,0.00,1.00
7,5FDD6D9C7EFC9DA5D202BD2C0D9E65F9,2,u,2,2.00,0.00,2.00
18,7E5176171C163B1EB5C910CCDC36A512,7,l,3,3.00,0.00,3.00
28,E37F865C4D3916210B1D296EDD730C7C,18,l,4,4.00,0.00,4.00
36,5FE02DCB8F6170F6932F9688B162FDF5,28,D,5,5.00,0.00,5.00
49,B5E809CBDC9B3989955F4D603AF5E62A,36,D,6,6.00,0.00,6.00
67,EBE4E1DB052AC1AC892558D4F7A1EE02,49,u,7,7.00,0.00,7.00
89,20F1A3C184CAE6CAF1E70A6DBC4A2496,67,u,8,8.00,0.00,8.00
118,11061D8886C5F71F9C8C5C940301D8C7,89,r,9,9.00,0.00,9.00
165,51A01A678A07AC8808D97BD497479965,118,r,10,10.00,0.00,10.00
242,9E5AA84635A59FA07E531DDF19AA359E,165,d,11,11.00,0.00,11.00
337,534E179855FB3F0B23B040A5DE02C409,242,d,12,12.00,0.00,12.00
465,4859A91300C5F8C58983981EB3A15CA8,337,L,13,13.00,0.00,13.00
651,46AED014F3115E8D3AD42BAE52CF8D87,465,d,14,14.00,0.00,14.00
890,A8741DECAA6156231B7C31130CA4B2DD,651,L,15,15.00,0.00,15.00
1176,DCACB59479E0F30BB17F2F9776620D69,890,L,16,16.00,0.00,16.00
1510,3F5129B4984DC048EA69D9D46EF00E21,1176,d,17,17.00,0.00,17.00
1962,390C00306FE89E339D87A9B6DC356BEE,1510,d,18,18.00,0.00,18.00
2480,B1C2183FFB31B26FEF103CCA36311939,1962,l,19,19.00,0.00,19.00
3098,96136E3BCC7A2C2C0B3B04089756DBDE,2480,l,20,20.00,0.00,20.00
3818,E2B3E837BD820D4F7286A5BECAF13312,3098,u,21,21.00,0.00,21.00
4655,124906CBAA95F03DEBB7EFD419C87F90,3818,R,22,22.00,0.00,22.00
5598,ED6B3DD307C5D18385FFE3F5DE4EDEFA,4655,l,23,23.00,0.00,23.00
6664,97D3A6B2942572D76A16648548A3A072,5598,u,24,24.00,0.00,24.00
7743,C8CBF754914E80ACC7C6B73E2A8EAD4A,6664,R,25,25.00,0.00,25.00
8884,56CB36D800D13FF9854FD4171CFB10A3,7743,R,26,26.00,0.00,26.00
10068,2A62D718B0187F9D4CC1A3A9319CBBD6,8884,R,27,27.00,0.00,27.00

###########\n####.  #  #\n#### #  $ #\n####@$ #  #\n#      ##.#\n#   ###.$ #\n#   ###   #\n###########
0,EE2D6B88B2538A328E91219B0D4B566A,None,NOTHING,0,0.00,0.00,0.00
3,0094C172B7CB7C2C10FC690D0EDEC3DE,0,d,1,1.00,0.00,1.00
9,C3052FF381C0838F0D1EF1F72E6F7C4C,3,r,2,2.00,0.00,2.00
19,1EDCFD2B359E2E0CA3A86739BA63F0F7,9,r,3,3.00,0.00,3.00
33,F50E60B1E9329BCBC5377B1FD4D98ECE,19,u,4,4.00,0.00,4.00
53,1C51CE1D4C0CA5C6EAC6BF7A4B0E4244,33,L,5,5.00,0.00,5.00
81,CCCC6C31998E2FE5AEF9DC01C6290EC6,53,d,6,6.00,0.00,6.00
116,8AAA0EA5DD839A65A74056B6C3FC8A16,81,l,7,7.00,0.00,7.00
149,20CB8DB1A5A177FBE5F455996198C572,116,U,8,8.00,0.00,8.00
185,0FB46060C713772C03AAD486F1F140C4,149,U,9,9.00,0.00,9.00
233,14476132FF6A861C0E8452569352AA94,185,d,10,10.00,0.00,10.00
307,B691973B462CD3B9136ACD6F55E793E2,233,r,11,11.00,0.00,11.00
416,799DE71D5E12A9651B4905BC2464092E,307,r,12,12.00,0.00,12.00
544,FFF5935DCAFFBC5144EFF455C9484A5B,416,u,13,13.00,0.00,13.00
707,F96CF6E2AF79EFEDCC083DEF3B0F1968,544,r,14,14.00,0.00,14.00
893,961C0CA4440AC933101713EC8742C9FE,707,R,15,15.00,0.00,15.00
1124,33C7AD0A561595BCD6F8C52A4503923E,893,d,16,16.00,0.00,16.00
1380,24C9C6CE0E05BE159260220EAB45B8BC,1124,r,17,17.00,0.00,17.00
1661,073473498C86AF71F43D334E97F92710,1380,d,18,18.00,0.00,18.00
1975,561AE568003F60B687D138D0E1E1C5D8,1661,d,19,19.00,0.00,19.00
2341,94A3BCD0901E762274985942AAB13077,1975,L,20,20.00,0.00,20.00
2738,BB77431C35DCE7D98A8F7E464473E6AE,2341,r,21,21.00,0.00,21.00
3173,4892AD8A1A4C36CBB210F74B23769979,2738,u,22,22.00,0.00,22.00
3665,7715CE56712CD0309D22FA0EAF76F226,3173,u,23,23.00,0.00,23.00
4190,4D9835588F80821C42EE1752EA86C7AD,3665,l,24,24.00,0.00,24.00
4732,74625ED76C2B2161319C6B5B92075210,4190,u,25,25.00,0.00,25.00
5298,B0B61FA2CBF8B075A496E845A38CDD3E,4732,u,26,26.00,0.00,26.00
5893,6EA5356DD96A6B869237C905837F3531,5298,r,27,27.00,0.00,27.00
6500,026BC2375B5086AEE66823C44C14310C,5893,D,28,28.00,0.00,28.00
7092,C23564D67AA334B73A3E6EED0D4B6A36,6500,D,29,29.00,0.00,29.00

###########\n####.  #  #\n#### #  $ #\n####@$ #  #\n#      ##.#\n#   ###.$ #\n#   ###   #\n###########
0,EE2D6B88B2538A328E91219B0D4B566A,None,NOTHING,0,0.00,0.00,1.00
1,175CC21B15EB2E7B8B624B3AD9BA9459,0,u,1,1.00,0.00,0.50
4,149C1EAA7AAE22728B4B4DBB848A9BB0,1,u,2,2.00,0.00,0.33
6,26A74FDFE60A84C89736A361E72ADC6B,4,r,3,3.00,0.00,0.25
8,B7AA17304975E777A947D2DC5871C661,6,r,4,4.00,0.00,0.20
10,F1E567C929F4830627E54619ECC18DD9,8,d,5,5.00,0.00,0.17
13,F49F9C074D76A4838E7548D586AECE9D,10,r,6,6.00,0.00,0.14
15,09C608268A500B71225EC1C10F90E336,13,R,7,7.00,0.00,0.12
18,07E9864EBEF1744D14F165E4194FF4D0,15,d,8,8.00,0.00,0.11
4228,377E240B5C055E3CAD5664A1E8A18904,18,r,9,9.00,0.00,0.10
4230,45B2B073117C07821EB176C4698D8612,4228,d,10,10.00,0.00,0.09
7641,CCE3394026EEFF7FE751815BE73C70BC,4230,d,11,11.00,0.00,0.08
7644,E198B63D1CCA01F466458B7C373E5477,7641,L,12,12.00,0.00,0.08
7695,17C853F4622AE70E05C09F41780A610C,7644,r,13,13.00,0.00,0.07
7697,E50CAE7E1D7A577EDC41DD2AAEB7E444,7695,u,14,14.00,0.00,0.07
7700,C44C604EC7EB315228489B717F1DCFC2,7697,u,15,15.00,0.00,0.06
7704,49F496B4F33F285653F45131181BE902,7700,l,16,16.00,0.00,0.06
7705,27AD9B2BB24568C6856DAB818125BAD8,7704,u,17,17.00,0.00,0.06
7707,1C8D59DCAECAE67FC33C73B12487CE1E,7705,u,18,18.00,0.00,0.05
7710,C1439B00B6F1DB8AF153C46AC697A836,7707,r,19,19.00,0.00,0.05
7712,7575C90DACA9870C6B6A5EAADC188ACA,7710,D,20,20.00,0.00,0.05
7714,5AC3D34E94BE076A22A9AF0BD7F97B4B,7712,u,21,21.00,0.00,0.05
7718,7515E1E3D971816A00E1048B09B350AD,7714,l,22,22.00,0.00,0.04
7720,24419FB68D8CCE490219DECBC0FFC5D1,7718,d,23,23.00,0.00,0.04
7724,E49D5B5335FA0C1BF82F01545B297A3F,7720,l,24,24.00,0.00,0.04
7727,631B729BCC76B3A2A631CEF574E2237A,7724,l,25,25.00,0.00,0.04
7728,26150B2CE7A48877DBC2154E8B27A7A1,7727,u,26,26.00,0.00,0.04
7732,58635CB6C543F1CE0D0E84D133F54EB8,7728,l,27,27.00,0.00,0.04
7734,6ACE7B85480F9BD3E6057CB6A930A823,7732,l,28,28.00,0.00,0.03
7736,7FF2EC0B3DCF305C567D729037F39FCE,7734,d,29,29.00,0.00,0.03
7738,47EC55F89C5A7A1FAAB8BE7832EC3B37,7736,d,30,30.00,0.00,0.03
7741,5B51EEC36436917ADFB722C2FE78C2F1,7738,d,31,31.00,0.00,0.03
8490,4A769F605758E262F0FB6DD6AA2DD650,7741,r,32,32.00,0.00,0.03
8492,96B414AAE4878C26982944AA90F4F02A,8490,r,33,33.00,0.00,0.03
8494,C82EDE520F831C74DEFEF3C9AC6EF2F1,8492,u,34,34.00,0.00,0.03
8498,08CB86B1D727F2C28FEF571ACACAF85F,8494,L,35,35.00,0.00,0.03
8499,D9116063CAFC0E04FDC18A55AB2F8F49,8498,r,36,36.00,0.00,0.03
8501,A5B98BD772EBB02712A2242DCC08A7D1,8499,u,37,37.00,0.00,0.03
8505,D02A872AD6AD2847FE31FD8B5DA44946,8501,r,38,38.00,0.00,0.03
9376,BDD5BA0BBB89DDC185FF0DE300A0D7C4,8505,r,39,39.00,0.00,0.03
9378,67A5561ACAB9BCC3BCC044C9749F9964,9376,u,40,40.00,0.00,0.02
9382,EED0761165F14F5246EA0AA85CE3859B,9378,r,41,41.00,0.00,0.02
9384,B04337854737D28360EA2D83CE4D9746,9382,d,42,42.00,0.00,0.02
9387,42DDDE1FD2961B0B5953BE1451CB7C53,9384,D,43,43.00,0.00,0.02
9389,DE9D08367355F65E3C93A9DC14877DD1,9387,u,44,44.00,0.00,0.02
9392,F4EEC555BCE16C26D87DE43A318210A4,9389,u,45,45.00,0.00,0.02
9396,F39A3EC09529B883D682DC3D9FC3DEA6,9392,l,46,46.00,0.00,0.02
9398,AC919D519E4E3FD190F37B83931D1917,9396,d,47,47.00,0.00,0.02
9402,8EDFB57A7E0A48DF1F6AC965CD84E923,9398,l,48,48.00,0.00,0.02
9406,2590416C1A61403FB112A8ADFF666505,9402,l,49,49.00,0.00,0.02
9409,888D1F557E53BA8421E8772183D04B89,9406,d,50,50.00,0.00,0.02
9419,72869C2448D558F89BD54824B0254C84,9409,d,51,51.00,0.00,0.02
9422,4611D0EFE044B38407812930D7627911,9419,l,52,52.00,0.00,0.02
9425,15DCE75BFDC8FBCFADD7F68ACB033DD4,9422,l,53,53.00,0.00,0.02
9428,8BC80299F3673ED30E0C0B4F0D045F09,9425,U,54,54.00,0.00,0.02
9431,B02C1571BCF5C0F3D6FD38BECF53B0D9,9428,U,55,55.00,0.00,0.02

###########\n####.  #  #\n#### #  $ #\n####@$ #  #\n#      ##.#\n#   ###.$ #\n#   ###   #\n###########
0,EE2D6B88B2538A328E91219B0D4B566A,None,NOTHING,0,0.00,0.00,0.00
3,0094C172B7CB7C2C10FC690D0EDEC3DE,0,d,1,1.00,0.00,1.00
9,C3052FF381C0838F0D1EF1F72E6F7C4C,3,r,2,2.00,0.00,2.00
19,1EDCFD2B359E2E0CA3A86739BA63F0F7,9,r,3,3.00,0.00,3.00
33,F50E60B1E9329BCBC5377B1FD4D98ECE,19,u,4,4.00,0.00,4.00
53,1C51CE1D4C0CA5C6EAC6BF7A4B0E4244,33,L,5,5.00,0.00,5.00
81,CCCC6C31998E2FE5AEF9DC01C6290EC6,53,d,6,6.00,0.00,6.00
116,8AAA0EA5DD839A65A74056B6C3FC8A16,81,l,7,7.00,0.00,7.00
149,20CB8DB1A5A177FBE5F455996198C572,116,U,8,8.00,0.00,8.00
185,0FB46060C713772C03AAD486F1F140C4,149,U,9,9.00,0.00,9.00
233,14476132FF6A861C0E8452569352AA94,185,d,10,10.00,0.00,10.00
307,B691973B462CD3B9136ACD6F55E793E2,233,r,11,11.00,0.00,11.00
416,799DE71D5E12A9651B4905BC2464092E,307,r,12,12.00,0.00,12.00
544,FFF5935DCAFFBC5144EFF455C9484A5B,416,u,13,13.00,0.00,13.00
707,F96CF6E2AF79EFEDCC083DEF3B0F1968,544,r,14,14.00,0.00,14.00
893,961C0CA4440AC933101713EC8742C9FE,707,R,15,15.00,0.00,15.00
1124,33C7AD0A561595BCD6F8C52A4503923E,893,d,16,16.00,0.00,16.00
1380,24C9C6CE0E05BE159260220EAB45B8BC,1124,r,17,17.00,0.00,17.00
1661,073473498C86AF71F43D334E97F92710,1380,d,18,18.00,0.00,18.00
1975,561AE568003F60B687D138D0E1E1C5D8,1661,d,19,19.00,0.00,19.00
2341,94A3BCD0901E762274985942AAB13077,1975,L,20,20.00,0.00,20.00
2738,BB77431C35DCE7D98A8F7E464473E6AE,2341,r,21,21.00,0.00,21.00
3173,4892AD8A1A4C36CBB210F74B23769979,2738,u,22,22.00,0.00,22.00
3665,7715CE56712CD0309D22FA0EAF76F226,3173,u,23,23.00,0.00,23.00
4190,4D9835588F80821C42EE1752EA86C7AD,3665,l,24,24.00,0.00,24.00
4732,74625ED76C2B2161319C6B5B92075210,4190,u,25,25.00,0.00,25.00
5298,B0B61FA2CBF8B075A496E845A38CDD3E,4732,u,26,26.00,0.00,26.00
5893,6EA5356DD96A6B869237C905837F3531,5298,r,27,27.00,0.00,27.00
6500,026BC2375B5086AEE66823C44C14310C,5893,D,28,28.00,0.00,28.00
7092,C23564D67AA334B73A3E6EED0D4B6A36,6500,D,29,29.00,0.00,29.00

