###########\n# .$ @# #\n# $# #\n#. .$ $# #\n# $. .## #\n#$ ### $#\n#. ### .#\n########### 
0,C5B36CEE3811B048D8CC74AE9F771945,None,NOTHING,0,0.00,8.00,8.00 
1,6FF1A2406B81F96B03CF7A538666767C,0,d,1,1.00,8.00,9.00 
5,7BCCF2CFB851EED29EB853C437A36681,1,D,2,2.00,7.00,9.00 
9,6056F1516F5EB14BA30C71AC363DD99F,5,l,3,3.00,7.00,10.00 
21,FC02722667FC89B545B922B1C4A0BE8F,9,L,4,4.00,6.00,10.00 
28,07F2CAD0F782DB8C2E6238DA5DF1FB1E,21,L,5,5.00,7.00,12.00 
64,66DA646C05D04C57673A6EDAE0DE82F6,28,L,6,6.00,6.00,12.00 
125,C360700EC34A42B627D02362F051724B,64,D,7,7.00,7.00,14.00 
257,E9F73C87D4857BA5383CD16B5686D2A2,125,l,8,8.00,7.00,15.00 
526,55BAF35578F9CAE4950AFD5EAB2A703E,257,D,9,9.00,6.00,15.00 
814,194B4CC765C9D645EF3A0D588E664BA5,526,R,10,10.00,5.00,15.00 
831,64EB1C69AEB7C6FB24A87E2354F71286,814,d,11,11.00,5.00,16.00 
1495,3453EC804F6D29F3B6594746527F5287,831,r,12,12.00,5.00,17.00 
2558,D8D0E6ED4CBB64AB99F0328943CCBBA3,1495,U,13,13.00,4.00,17.00 
2766,B532DF30C69D88FC25D444A8F21109A3,2558,U,14,14.00,4.00,18.00 
4807,0E3C566D8ABBA3AC48E90F221C9D4A31,2766,r,15,15.00,4.00,19.00 
8098,8A6E92E1C394AD97E1CA944B8CBAE2B1,4807,u,16,16.00,4.00,20.00 
13383,AE8D565572AC04CF78F7999DE5C20B55,8098,r,17,17.00,4.00,21.00 
21832,FB559440590FF7BF3A30EE77EA360DA2,13383,r,18,18.00,4.00,22.00 
34932,25CC44FD42B5E25FDACF62853F4292A1,21832,u,19,19.00,4.00,23.00 
55026,F7CEBB9E882282DC61ABC967D89F10EA,34932,u,20,20.00,4.00,24.00 
85199,350C2DA498903E58AB46E03E8E7C6102,55026,l,21,21.00,4.00,25.00 
129692,9E225BB97DC09FB7B7696E67DED41DF2,85199,l,22,22.00,4.00,26.00 
193887,38B4BC2D3E4FDF81FF38A240267C637E,129692,L,23,23.00,3.00,26.00 
219889,AF68F4280FDA19A3CE0894434A79090F,193887,r,24,24.00,3.00,27.00 
317810,97A664677361804C6A78377E84494115,219889,D,25,25.00,2.00,27.00 
322539,F4D4E9C52DD69FBE2CE811F058BCDD4A,317810,D,26,26.00,2.00,28.00 
460623,33DC456A6206A3E4837D543AF585BA17,322539,r,27,27.00,2.00,29.00 
645810,56C96BB67CCB1E9D809ECC51B7426B97,460623,d,28,28.00,2.00,30.00 
893243,A1D1FC3534BFB08C1B46C96C5844EBD5,645810,L,29,29.00,1.00,30.00 
924970,DBF6CB6A4CE91F3A8F783FE5A03F10B5,893243,u,30,30.00,1.00,31.00 
1268499,1F82F1290B3ACF3E4DC2DBED6824A8D0,924970,r,31,31.00,1.00,32.00 
1713156,64B24B52A5E5D179C5AF9EA247A45484,1268499,r,32,32.00,1.00,33.00 
2284623,F267B248502511D4A1FA1D0E561FBB24,1713156,u,33,33.00,1.00,34.00 
3014493,34159B7AAEB5B0EB2207163A9380D5DC,2284623,r,34,34.00,1.00,35.00 
3930744,E46D4AC8E262749B50C6947FEDD35BDD,3014493,r,35,35.00,1.00,36.00 
5067407,727325CDFE8209340FC08936B428F156,3930744,r,36,36.00,1.00,37.00 
6454368,325EC5EA32383409C8ED14B5BD220661,5067407,d,37,37.00,1.00,38.00 
8124209,0DD9E85962D7A28B6B8DC093633AFF24,6454368,d,38,38.00,1.00,39.00 
10107819,116F1DFF6C99EE5B4712FFFD778467EA,8124209,D,39,39.00,0.00,39.00

