###########\n#..$ @# #\n#$ $# #\n#. .$ $# #\n# $. .## #\n#$ ### $#\n#. ### .#\n########### 
0,863D22CB640E828B3B11D3A32323E6CD,None,NOTHING,0,0.00,9.00,9.00 
1,967D9096E3FFA00F6266EF22D67EE770,0,d,1,1.00,9.00,10.00 
5,62DE714B072A96715F60A281F7AE9F62,1,D,2,2.00,8.00,10.00 
9,651CC83A3A1C21B1145986712E427EBF,5,l,3,3.00,8.00,11.00 
21,1622931492C3312297D439819A2AEFC1,9,L,4,4.00,7.00,11.00 
27,D820804D25C586306DFF5AB62E4FF767,21,d,5,5.00,7.00,12.00 
60,A2FC8626CFEA495AC40D0FE9B32786FF,27,l,6,6.00,7.00,13.00 
124,285E647308294EAA89BC1AC2747E98B9,60,U,7,7.00,8.00,15.00 
255,0673849DAB865A44687B882433A70479,124,l,8,8.00,8.00,16.00 
510,61CF9DBCE9B68C52A8D5931583D7E40D,255,l,9,9.00,8.00,17.00 
1004,977364FC093C2C1944833C5EC0D1ABAE,510,U,10,10.00,7.00,17.00 
1568,FE928B5CC41EEB859C20E36F2C32C07F,1004,d,11,11.00,7.00,18.00 
2742,73F0EDD2C298A51DF69CCBDEAE3EB701,1568,d,12,12.00,7.00,19.00 
4724,574E477817542ABEB26F33AECBE8A7AD,2742,D,13,13.00,6.00,19.00 
5457,EAC2E553085D87108BA6D8DECCE8276B,4724,r,14,14.00,6.00,20.00 
9364,5F9B98E85885D10A9C6DAD873971724D,5457,U,15,15.00,6.00,21.00 
15634,08EFB83B0EDBDCC2592308EB501CF5F5,9364,r,16,16.00,6.00,22.00 
25502,FD5CF8F362CC165705F39B72CDCF9BBD,15634,u,17,17.00,6.00,23.00 
41003,13B3273E509F6B53302249E552F90D51,25502,L,18,18.00,5.00,23.00 
46367,6542F56D93A7252E62DDBA0304F4B224,41003,r,19,19.00,5.00,24.00 
72776,C06C8346C988C9031B555704C0D4100A,46367,r,20,20.00,5.00,25.00 
111150,6029186FD76C1EE9B4BDF4964BEFC734,72776,r,21,21.00,5.00,26.00 
166649,19D5F6C0D4C5A55335377CE520FA7F84,111150,r,22,22.00,5.00,27.00 
246607,F9AD2CDDC0718EB5841687D288E4C166,166649,u,23,23.00,5.00,28.00 
359393,A520D61FD45D47C5CEC3757C355ACB56,246607,u,24,24.00,5.00,29.00 
517022,A5299D8BDF3BAFE6A4262C5199D9B805,359393,l,25,25.00,5.00,30.00 
734151,C27D9477314320C866E83AF5606813F2,517022,l,26,26.00,5.00,31.00 
1029829,3BD7DDD4859D617F4FF0E84A4983B883,734151,D,27,27.00,4.00,31.00 
1138024,BB0747D67DB04ADED169A903C1591423,1029829,u,28,28.00,4.00,32.00 
1558304,EA40AFEDEEF445E2F859C41D405E8B52,1138024,L,29,29.00,3.00,32.00 
1578845,7A97B9190045A085C81D59E08E4AB0E0,1558304,D,30,30.00,2.00,32.00 
1579975,334F622CB30644D9C5F28C7C4EE6F750,1578845,r,31,31.00,2.00,33.00 
2137697,1D6749CC773CFAEED28C5A8FED2F7A4C,1579975,D,32,32.00,2.00,34.00 
2844262,C1EACA7D6ED780F21B45EB5DF7FFEB55,2137697,r,33,33.00,2.00,35.00 
3732883,0D3997DEE15C0D282D8BE40717F4E49C,2844262,d,34,34.00,2.00,36.00 
4846685,531773A4D9D3499F80C7B875146BEAEA,3732883,L,35,35.00,1.00,36.00 
4997892,12D09DC6FAC8F80DF62135780EF5CB04,4846685,u,36,36.00,1.00,37.00 
6404257,44C1E822A177F7AE24763C86ECF5B345,4997892,r,37,37.00,1.00,38.00 
8088214,9E4DC30EFA4A9C0C5E9B621D527DD5F3,6404257,r,38,38.00,1.00,39.00 
10091080,6458B8A2FA62CABBEE7F41CD118F01B5,8088214,u,39,39.00,1.00,40.00 
12452844,01070C13A9BA76088EB501A4BE40B451,10091080,r,40,40.00,1.00,41.00 
15197677,42B4FB4B4998F78991D6E8E158A00CCB,12452844,r,41,41.00,1.00,42.00 
18357578,7EB0ABDD2E3A8D2B22ED32289BB85B0B,15197677,r,42,42.00,1.00,43.00 
21953684,93498FADD072FB7C7B585F29AF02BB7B,18357578,d,43,43.00,1.00,44.00 
26005860,A0F48CABFF853E7D409404AB1D03FEE1,21953684,d,44,44.00,1.00,45.00 
30525964,1E42CA6921C14A5272E93A227227F921,26005860,D,45,45.00,0.00,45.00
