ID:2B6AA780901547521CD8EDF530ED0FC0
	Rows:11
	Colums:19
	Walls:[(0,5),(0,6),(0,7),(0,8),(0,9),(1,4),(1,8),(2,4),(2,8),(3,2),(3,3),(3,4),(3,8),(3,9),(4,2),(4,9),(5,0),(5,1),(5,2),(5,4),(5,6),(5,7),(5,9),(5,13),(5,14),(5,15),(5,16),(5,17),(5,18),(6,0),(6,4),(6,6),(6,7),(6,9),(6,10),(6,11),(6,12),(6,13),(6,18),(7,0),(7,18),(8,0),(8,1),(8,2),(8,3),(8,4),(8,6),(8,7),(8,8),(8,10),(8,12),(8,13),(8,18),(9,4),(9,10),(9,11),(9,12),(9,13),(9,14),(9,15),(9,16),(9,17),(9,18),(10,4),(10,5),(10,6),(10,7),(10,8),(10,9),(10,10)]
	Targets:[(6,16),(6,17),(7,16),(7,17),(8,16),(8,17)]
	Player:(8,11)
	Boxes:[(2,5),(3,7),(4,5),(4,7),(7,2),(7,5)]

ID:EEB4365FCBB8DEB6C95267179C1FA317
	Rows:10
	Colums:14
	Walls:[(0,1),(0,2),(0,3),(0,4),(0,5),(0,6),(0,7),(0,8),(0,9),(0,10),(0,11),(0,12),(1,0),(1,5),(1,11),(1,12),(1,13),(2,0),(2,5),(2,13),(3,0),(3,5),(3,7),(3,8),(3,9),(3,10),(3,13),(4,0),(4,9),(4,10),(4,13),(5,0),(5,5),(5,7),(5,12),(5,13),(6,0),(6,1),(6,2),(6,3),(6,4),(6,5),(6,7),(6,8),(6,13),(7,2),(7,13),(8,2),(8,7),(8,13),(9,2),(9,3),(9,4),(9,5),(9,6),(9,7),(9,8),(9,9),(9,10),(9,11),(9,12),(9,13)]
	Targets:[(1,1),(1,2),(2,1),(2,2),(3,1),(3,2),(4,1),(4,2),(5,1),(5,2)]
	Player:(4,7)
	Boxes:[(2,7),(2,10),(3,6),(5,10),(6,9),(6,11),(7,4),(7,7),(7,9),(7,11)]

ID:81F720B8849B2FDB9E4E37BFBBE88F1A
	Rows:10
	Colums:17
	Walls:[(0,9),(0,10),(0,11),(0,12),(0,13),(0,14),(0,15),(0,16),(1,8),(1,15),(2,8),(2,11),(2,14),(2,15),(3,8),(3,14),(4,8),(4,9),(4,14),(5,0),(5,1),(5,2),(5,3),(5,4),(5,5),(5,6),(5,7),(5,8),(5,12),(5,14),(5,15),(5,16),(6,0),(6,7),(6,8),(6,16),(7,0),(7,1),(7,16),(8,0),(8,7),(8,8),(8,9),(8,10),(8,11),(8,12),(8,13),(8,14),(8,15),(8,16),(9,0),(9,1),(9,2),(9,3),(9,4),(9,5),(9,6),(9,7)]
	Targets:[(6,1),(6,2),(6,3),(6,4),(7,2),(7,3),(7,4),(8,1),(8,2),(8,3),(8,4)]
	Player:(1,14)
	Boxes:[(2,10),(2,12),(3,10),(3,13),(4,10),(4,12),(5,10),(6,10),(6,13),(7,9),(7,12)]

ID:55D3FC2692F28ECAB2A888D3529FD66E
	Rows:14
	Colums:20
	Walls:[(0,12),(0,13),(0,14),(0,15),(0,16),(0,17),(0,18),(0,19),(1,11),(1,18),(2,0),(2,1),(2,2),(2,3),(2,4),(2,5),(2,6),(2,7),(2,8),(2,9),(2,10),(2,11),(2,18),(3,0),(3,5),(3,18),(4,0),(4,5),(4,11),(4,18),(5,0),(5,11),(5,18),(6,0),(6,5),(6,11),(6,12),(6,13),(6,14),(6,15),(6,16),(6,17),(6,18),(7,0),(7,5),(7,11),(8,0),(8,1),(8,3),(8,4),(8,5),(8,6),(8,7),(8,8),(8,9),(8,10),(8,11),(9,0),(9,5),(9,10),(9,11),(10,0),(10,10),(10,11),(11,0),(11,5),(11,11),(12,0),(12,5),(12,10),(12,11),(13,0),(13,1),(13,2),(13,3),(13,4),(13,5),(13,6),(13,7),(13,8),(13,9),(13,10)]
	Targets:[(1,14),(1,15),(1,16),(1,17),(2,14),(2,15),(2,16),(2,17),(3,14),(3,15),(3,16),(3,17),(4,14),(4,15),(4,16),(4,17),(5,14),(5,15),(5,16),(5,17)]
	Player:(11,10)
	Boxes:[(3,8),(3,10),(4,2),(4,3),(4,4),(4,6),(4,9),(5,3),(5,9),(6,2),(6,3),(6,6),(6,8),(6,10),(7,3),(10,6),(11,3),(11,4),(11,6),(11,7)]

ID:E05A87EE9896A0AD62E8389E104BD0BF
	Rows:13
	Colums:17
	Walls:[(0,9),(0,10),(0,11),(0,12),(0,13),(1,8),(1,12),(1,13),(1,14),(1,15),(1,16),(2,8),(2,10),(2,12),(2,13),(2,16),(3,8),(3,16),(4,0),(4,1),(4,2),(4,3),(4,4),(4,5),(4,6),(4,7),(4,8),(4,10),(4,11),(4,12),(4,16),(5,0),(5,7),(5,8),(5,14),(5,15),(5,16),(6,0),(6,14),(6,15),(7,0),(7,7),(7,8),(7,15),(8,0),(8,1),(8,2),(8,3),(8,4),(8,5),(8,6),(8,7),(8,8),(8,14),(8,15),(9,8),(9,15),(10,8),(10,9),(10,10),(10,12),(10,13),(10,15),(11,10),(11,15),(12,10),(12,11),(12,12),(12,13),(12,14),(12,15)]
	Targets:[(5,1),(5,2),(5,3),(5,4),(6,1),(6,2),(6,3),(6,4),(7,1),(7,2),(7,3),(7,4)]
	Player:(7,14)
	Boxes:[(2,11),(3,14),(5,10),(5,13),(6,9),(6,11),(6,12),(7,9),(7,12),(8,11),(9,10),(9,12)]

ID:1757F256502DE9E4F37B6A72A1A93381
	Rows:11
	Colums:12
	Walls:[(0,1),(0,2),(0,3),(0,4),(0,5),(0,6),(0,9),(0,10),(0,11),(1,0),(1,5),(1,7),(1,8),(1,10),(1,11),(2,0),(2,5),(2,6),(2,7),(2,11),(3,0),(3,11),(4,0),(4,5),(4,7),(4,11),(5,0),(5,3),(5,4),(5,5),(5,7),(5,11),(6,0),(6,1),(6,2),(6,3),(6,7),(6,11),(7,3),(7,7),(7,11),(8,3),(8,11),(9,3),(9,6),(9,7),(9,11),(10,3),(10,4),(10,5),(10,6),(10,7),(10,8),(10,9),(10,10),(10,11)]
	Targets:[(1,1),(1,2),(2,1),(2,2),(3,1),(3,2),(4,1),(4,2),(5,1),(5,2)]
	Player:(1,9)
	Boxes:[(3,8),(3,9),(4,9),(5,9),(6,5),(6,8),(7,6),(7,9),(8,5),(8,8)]

ID:3ACC23E67E25BE1BEAC2AE7451E1A78E
	Rows:12
	Colums:13
	Walls:[(0,8),(0,9),(0,10),(0,11),(0,12),(1,1),(1,2),(1,3),(1,4),(1,5),(1,6),(1,7),(1,11),(1,12),(2,0),(2,1),(2,3),(2,6),(2,7),(2,12),(3,0),(3,12),(4,0),(4,6),(4,7),(4,8),(4,12),(5,0),(5,1),(5,2),(5,4),(5,5),(5,6),(5,7),(5,8),(5,10),(5,11),(5,12),(6,0),(6,5),(6,6),(6,7),(6,11),(7,0),(7,11),(8,0),(8,5),(8,6),(8,7),(8,11),(9,0),(9,5),(9,7),(9,11),(10,0),(10,3),(10,4),(10,5),(10,7),(10,8),(10,9),(10,10),(10,11),(11,0),(11,1),(11,2),(11,3)]
	Targets:[(6,9),(6,10),(7,8),(7,9),(7,10),(8,8),(8,9),(8,10),(9,8),(9,9),(9,10)]
	Player:(2,5)
	Boxes:[(2,9),(2,10),(3,5),(4,3),(5,9),(6,2),(7,2),(7,4),(7,6),(9,2),(9,3)]

ID:63BBC2D5BD3BD54C4FE6224D00A1C9FA
	Rows:16
	Colums:16
	Walls:[(0,3),(0,4),(0,5),(0,6),(1,2),(1,5),(1,6),(1,7),(1,8),(1,9),(1,10),(1,11),(1,12),(1,13),(1,14),(1,15),(2,2),(2,15),(3,2),(3,5),(3,9),(3,15),(4,2),(4,10),(4,15),(5,0),(5,1),(5,2),(5,5),(5,7),(5,10),(5,11),(5,12),(5,13),(5,15),(6,0),(6,2),(6,10),(6,11),(6,15),(7,0),(7,7),(7,9),(7,13),(7,15),(8,0),(8,15),(9,0),(9,1),(9,2),(9,3),(9,4),(9,7),(9,8),(9,9),(9,10),(9,11),(9,12),(9,13),(9,14),(9,15),(10,2),(10,9),(11,2),(11,9),(12,2),(12,9),(13,2),(13,9),(14,2),(14,9),(15,2),(15,3),(15,4),(15,5),(15,6),(15,7),(15,8),(15,9)]
	Targets:[(12,3),(12,4),(12,5),(12,6),(12,7),(12,8),(13,3),(13,4),(13,5),(13,6),(13,7),(13,8),(14,3),(14,4),(14,5),(14,6),(14,7),(14,8)]
	Player:(6,1)
	Boxes:[(2,7),(2,11),(2,13),(3,4),(3,7),(3,12),(4,5),(4,7),(5,4),(6,3),(6,5),(6,7),(7,5),(7,8),(8,4),(8,9),(8,11),(8,13)]

ID:EC295B4741FF3250D67D2ABFE2A43625
	Rows:14
	Colums:18
	Walls:[(0,11),(0,12),(0,13),(0,14),(0,15),(0,16),(0,17),(1,10),(1,16),(2,6),(2,7),(2,8),(2,9),(2,10),(2,16),(3,6),(3,16),(4,6),(4,9),(4,10),(4,16),(5,6),(5,7),(5,9),(5,10),(5,16),(6,5),(6,6),(6,7),(6,9),(6,10),(6,11),(6,12),(6,13),(6,14),(6,15),(6,16),(7,5),(7,11),(7,12),(8,1),(8,2),(8,3),(8,4),(8,5),(8,12),(8,13),(8,14),(8,15),(8,16),(9,0),(9,1),(9,5),(9,12),(9,16),(10,0),(10,16),(11,0),(11,1),(11,2),(11,3),(11,4),(11,5),(11,12),(11,13),(11,14),(11,15),(11,16),(12,5),(12,12),(13,5),(13,6),(13,7),(13,8),(13,9),(13,10),(13,11),(13,12)]
	Targets:[(1,13),(1,14),(1,15),(2,13),(2,14),(2,15),(3,13),(3,15),(4,13),(4,14),(4,15),(5,13),(5,14),(5,15)]
	Player:(10,1)
	Boxes:[(7,7),(7,8),(7,9),(8,8),(8,10),(9,6),(9,8),(10,3),(10,6),(10,11),(10,14),(11,7),(11,8),(11,10)]

ID:88C787BA3E25F01FFA612605BFA548B8
	Rows:16
	Colums:20
	Walls:[(0,2),(0,3),(0,4),(0,7),(0,8),(0,9),(0,10),(0,11),(0,12),(0,13),(0,14),(0,15),(0,16),(0,17),(0,18),(0,19),(1,0),(1,1),(1,3),(1,4),(1,5),(1,6),(1,14),(1,18),(2,0),(2,18),(3,0),(3,6),(3,14),(3,18),(4,0),(4,6),(4,14),(4,18),(5,0),(5,1),(5,2),(5,6),(5,14),(5,18),(6,0),(6,6),(6,14),(6,18),(7,0),(7,5),(7,6),(7,7),(7,8),(7,9),(7,10),(7,12),(7,13),(7,14),(7,18),(8,0),(8,1),(8,3),(8,6),(8,14),(8,18),(9,0),(9,3),(9,4),(9,6),(9,14),(9,15),(9,18),(10,0),(10,4),(10,6),(10,16),(10,18),(11,0),(11,4),(11,6),(11,16),(11,18),(12,0),(12,1),(12,2),(12,3),(12,4),(12,6),(12,14),(12,16),(12,18),(13,4),(13,6),(13,7),(13,8),(13,9),(13,10),(13,11),(13,12),(13,13),(13,14),(13,16),(13,18),(14,4),(14,16),(14,18),(15,4),(15,5),(15,6),(15,7),(15,8),(15,9),(15,10),(15,11),(15,12),(15,13),(15,14),(15,15),(15,16),(15,17),(15,18)]
	Targets:[(2,15),(2,16),(2,17),(3,15),(3,16),(3,17),(4,15),(4,16),(4,17),(5,15),(5,16),(5,17),(6,15),(6,16),(6,17),(7,15),(7,16),(7,17),(8,15),(8,16),(8,17),(9,16),(9,17),(10,2),(10,3),(10,17),(11,2),(11,3),(11,17),(12,17),(13,17),(14,17)]
	Player:(1,2)
	Boxes:[(2,2),(2,3),(2,7),(2,8),(2,11),(2,13),(3,3),(3,4),(3,5),(3,11),(4,2),(4,8),(4,9),(4,11),(4,12),(5,9),(6,8),(6,10),(6,12),(8,9),(8,11),(9,8),(9,9),(9,11),(9,13),(10,9),(11,8),(11,9),(11,10),(11,12),(11,13),(11,14)]

ID:526D08DEADE5EC8AC280CEFB64491437
	Rows:15
	Colums:19
	Walls:[(0,11),(0,12),(0,13),(0,14),(1,5),(1,6),(1,7),(1,8),(1,10),(1,13),(2,3),(2,4),(2,5),(2,8),(2,9),(2,10),(2,13),(3,2),(3,3),(3,13),(4,1),(4,2),(4,9),(4,10),(4,12),(4,13),(5,1),(5,4),(5,6),(5,7),(5,13),(6,1),(6,3),(6,10),(6,12),(6,13),(6,14),(7,1),(7,7),(7,10),(7,14),(7,15),(7,16),(7,17),(7,18),(8,0),(8,1),(8,2),(8,3),(8,8),(8,14),(8,18),(9,0),(9,1),(9,2),(9,3),(9,5),(9,6),(9,18),(10,0),(10,6),(10,7),(10,8),(10,11),(10,12),(10,13),(10,14),(10,15),(10,16),(10,17),(10,18),(11,0),(11,6),(11,8),(11,9),(11,10),(11,11),(12,0),(12,4),(12,6),(13,0),(13,6),(14,0),(14,1),(14,2),(14,3),(14,4),(14,5),(14,6)]
	Targets:[(10,1),(11,1),(11,2),(11,4),(11,5),(12,1),(12,2),(12,3),(12,5),(13,1),(13,2),(13,3),(13,4),(13,5)]
	Player:(2,7)
	Boxes:[(2,11),(3,10),(4,5),(4,7),(4,8),(5,5),(6,5),(6,7),(6,8),(7,5),(7,12),(8,11),(8,12),(9,8)]

ID:456694D00795E43B811B1DC2B4531B00
	Rows:13
	Colums:17
	Walls:[(0,1),(0,2),(0,3),(0,4),(0,5),(0,6),(0,7),(0,8),(0,9),(0,10),(0,11),(0,12),(0,13),(0,14),(0,15),(0,16),(1,0),(1,15),(2,0),(2,2),(2,4),(2,5),(2,6),(2,7),(2,8),(2,9),(2,15),(3,0),(3,2),(3,12),(3,15),(4,0),(4,2),(4,12),(4,13),(4,15),(4,16),(5,0),(5,2),(5,4),(5,10),(5,11),(5,12),(5,16),(6,0),(6,2),(6,11),(6,12),(6,16),(7,0),(7,2),(7,3),(7,4),(7,11),(7,12),(7,16),(8,0),(8,6),(8,8),(8,9),(8,11),(8,12),(8,16),(9,0),(9,1),(9,2),(9,3),(9,4),(9,8),(9,9),(9,11),(9,12),(9,16),(10,4),(10,5),(10,6),(10,7),(10,8),(10,14),(10,15),(10,16),(11,8),(11,14),(12,8),(12,9),(12,10),(12,11),(12,12),(12,13),(12,14)]
	Targets:[(5,13),(5,14),(5,15),(6,13),(6,14),(6,15),(7,13),(7,14),(7,15),(8,13),(8,14),(8,15),(9,13),(9,14),(9,15)]
	Player:(4,7)
	Boxes:[(3,5),(3,7),(3,9),(3,11),(4,6),(4,8),(5,5),(5,7),(5,9),(6,6),(6,8),(7,5),(7,6),(7,7),(7,9)]

ID:456694D00795E43B811B1DC2B4531B00
	Rows:13
	Colums:17
	Walls:[(0,1),(0,2),(0,3),(0,4),(0,5),(0,6),(0,7),(0,8),(0,9),(0,10),(0,11),(0,12),(0,13),(0,14),(0,15),(0,16),(1,0),(1,15),(2,0),(2,2),(2,4),(2,5),(2,6),(2,7),(2,8),(2,9),(2,15),(3,0),(3,2),(3,12),(3,15),(4,0),(4,2),(4,12),(4,13),(4,15),(4,16),(5,0),(5,2),(5,10),(5,11),(5,12),(5,16),(6,0),(6,2),(6,11),(6,12),(6,16),(7,0),(7,2),(7,3),(7,4),(7,11),(7,12),(7,16),(8,0),(8,6),(8,8),(8,9),(8,11),(8,12),(8,16),(9,0),(9,1),(9,2),(9,3),(9,4),(9,8),(9,9),(9,11),(9,12),(9,16),(10,4),(10,5),(10,6),(10,7),(10,8),(10,14),(10,15),(10,16),(11,8),(11,14),(12,8),(12,9),(12,10),(12,11),(12,12),(12,13),(12,14)]
	Targets:[(5,13),(5,14),(5,15),(6,13),(6,14),(6,15),(7,13),(7,14),(7,15),(8,13),(8,14),(8,15),(9,13),(9,14),(9,15)]
	Player:(4,7)
	Boxes:[(3,5),(3,7),(3,9),(3,11),(4,6),(4,8),(5,5),(5,7),(5,9),(6,6),(6,8),(7,5),(7,6),(7,7),(7,9)]

ID:DC736461E8CFC8828DA2DF1C2824AF9F
	Rows:13
	Colums:19
	Walls:[(0,4),(0,5),(0,6),(0,7),(0,8),(0,9),(0,10),(0,11),(0,12),(1,2),(1,3),(1,7),(1,8),(1,11),(1,12),(1,13),(1,14),(1,15),(1,16),(2,0),(2,1),(2,2),(2,8),(2,11),(2,16),(2,17),(2,18),(3,0),(3,5),(3,8),(3,11),(3,18),(4,0),(4,2),(4,5),(4,8),(4,9),(4,11),(4,13),(4,15),(4,18),(5,0),(5,3),(5,5),(5,9),(5,18),(6,0),(6,9),(6,11),(6,13),(6,15),(6,18),(7,0),(7,4),(7,5),(7,8),(7,9),(7,18),(8,0),(8,4),(8,8),(8,11),(8,13),(8,15),(8,18),(9,0),(9,1),(9,18),(10,1),(10,4),(10,5),(10,6),(10,7),(10,8),(10,9),(10,14),(10,15),(10,18),(11,1),(11,4),(11,9),(11,10),(11,11),(11,12),(11,13),(11,14),(11,15),(11,16),(11,17),(11,18),(12,1),(12,2),(12,3),(12,4)]
	Targets:[(3,14),(3,15),(3,16),(4,14),(4,16),(5,14),(5,16),(6,14),(6,16),(7,14),(7,16),(8,14),(8,16),(9,14),(9,15),(9,16)]
	Player:(4,6)
	Boxes:[(3,3),(3,6),(4,4),(4,7),(5,6),(6,2),(6,7),(7,10),(7,12),(8,2),(8,12),(9,3),(9,6),(9,10),(9,13),(10,2)]

ID:8B9D34573E72D5BE0C1B95CC2831BB10
	Rows:16
	Colums:18
	Walls:[(0,8),(0,9),(0,10),(0,11),(0,12),(0,13),(0,14),(1,1),(1,2),(1,3),(1,4),(1,5),(1,6),(1,7),(1,13),(2,1),(2,7),(2,13),(3,1),(3,5),(3,9),(3,10),(3,11),(3,12),(3,13),(3,14),(3,15),(3,16),(3,17),(4,1),(4,3),(4,4),(4,5),(4,12),(4,13),(4,17),(5,1),(5,12),(5,13),(5,15),(5,17),(6,1),(6,3),(6,4),(6,5),(6,17),(7,0),(7,1),(7,5),(7,6),(7,7),(7,8),(7,10),(7,11),(7,12),(7,14),(7,16),(7,17),(8,0),(8,3),(8,8),(8,14),(8,16),(9,0),(9,10),(9,13),(9,14),(9,16),(10,0),(10,8),(10,9),(10,10),(10,14),(10,16),(11,0),(11,1),(11,2),(11,3),(11,4),(11,14),(11,16),(12,4),(12,5),(12,6),(12,8),(12,9),(12,10),(12,14),(12,16),(13,6),(13,12),(13,16),(14,6),(14,7),(14,8),(14,9),(14,10),(14,11),(14,12),(14,13),(14,16),(15,13),(15,14),(15,15),(15,16)]
	Targets:[(4,6),(4,7),(4,8),(4,9),(4,10),(4,11),(5,6),(5,7),(5,8),(5,9),(5,10),(5,11),(6,6),(6,7),(6,8),(6,9),(6,10),(6,11)]
	Player:(2,10)
	Boxes:[(2,9),(2,11),(3,2),(3,3),(5,5),(7,15),(8,4),(8,11),(9,3),(9,5),(9,6),(9,7),(9,12),(10,4),(10,6),(10,11),(10,12),(11,10)]

ID:A676D5BB03DAA41806460863CF25A459
	Rows:16
	Colums:17
	Walls:[(0,4),(0,5),(0,6),(0,7),(0,8),(0,9),(0,10),(0,11),(1,3),(1,7),(1,10),(2,3),(2,10),(3,1),(3,2),(3,3),(3,5),(3,10),(3,11),(3,12),(3,13),(4,1),(4,7),(4,8),(4,13),(5,1),(5,4),(5,10),(5,13),(6,1),(6,4),(6,13),(6,14),(6,15),(6,16),(7,1),(7,2),(7,4),(7,5),(7,6),(7,7),(7,9),(7,10),(7,16),(8,1),(8,4),(8,10),(8,12),(8,16),(9,1),(9,12),(9,14),(9,15),(9,16),(10,0),(10,1),(10,4),(10,10),(10,14),(11,0),(11,4),(11,5),(11,6),(11,8),(11,9),(11,10),(11,11),(11,12),(11,13),(11,14),(12,0),(12,6),(12,9),(13,0),(13,3),(13,9),(14,0),(14,1),(14,2),(14,3),(14,4),(14,5),(14,9),(15,5),(15,6),(15,7),(15,8),(15,9)]
	Targets:[(8,5),(8,6),(8,7),(8,8),(8,9),(9,5),(9,6),(9,7),(9,8),(9,9),(10,5),(10,6),(10,7),(10,8),(10,9)]
	Player:(5,6)
	Boxes:[(2,6),(3,6),(4,4),(4,9),(5,8),(5,12),(6,11),(7,8),(8,3),(9,4),(9,7),(9,8),(9,11),(12,2),(12,3)]

ID:69BFCBE3CCB4A337E66B8A07A448D869
	Rows:15
	Colums:14
	Walls:[(0,1),(0,2),(0,3),(0,4),(0,5),(1,0),(1,4),(1,5),(2,0),(2,5),(2,8),(2,9),(2,10),(2,11),(3,0),(3,5),(3,6),(3,7),(3,8),(3,11),(4,0),(4,11),(5,0),(5,1),(5,2),(5,5),(5,11),(5,12),(6,1),(6,4),(6,5),(6,12),(6,13),(7,1),(7,6),(7,7),(7,9),(7,10),(7,13),(8,1),(8,4),(8,6),(8,7),(8,11),(8,13),(9,1),(9,2),(9,3),(9,10),(9,11),(9,13),(10,2),(10,7),(10,13),(11,2),(11,7),(11,13),(12,2),(12,5),(12,6),(12,7),(12,8),(12,9),(12,10),(12,11),(12,12),(12,13),(13,2),(13,5),(14,2),(14,3),(14,4),(14,5)]
	Targets:[(7,12),(8,12),(9,8),(9,9),(9,12),(10,8),(10,9),(10,10),(10,11),(10,12),(11,8),(11,9),(11,10),(11,11),(11,12)]
	Player:(5,3)
	Boxes:[(3,2),(4,3),(4,4),(4,6),(4,10),(5,6),(6,8),(6,10),(7,3),(8,5),(8,8),(9,7),(10,9),(11,4),(11,5)]

ID:E29AFC391B4543E7C211AEE35F85CD69
	Rows:14
	Colums:16
	Walls:[(0,4),(0,5),(0,6),(0,7),(0,8),(0,9),(0,10),(0,11),(0,12),(0,13),(1,3),(1,8),(1,12),(2,3),(2,12),(3,3),(3,8),(3,11),(3,12),(3,13),(3,14),(4,2),(4,3),(4,4),(4,5),(4,6),(4,7),(4,8),(4,11),(4,14),(4,15),(5,2),(5,15),(6,2),(6,5),(6,8),(6,9),(6,12),(6,15),(7,0),(7,1),(7,2),(7,3),(7,5),(7,6),(7,9),(7,10),(7,11),(7,12),(7,14),(7,15),(8,0),(8,6),(8,7),(8,8),(8,9),(8,10),(8,12),(8,15),(9,0),(9,2),(9,10),(9,15),(10,0),(10,10),(10,14),(10,15),(11,0),(11,1),(11,2),(11,3),(11,5),(11,6),(11,8),(11,9),(11,10),(11,11),(11,12),(11,13),(11,14),(12,3),(12,8),(13,3),(13,4),(13,5),(13,6),(13,7),(13,8)]
	Targets:[(1,4),(1,5),(2,4),(2,5),(3,4),(3,5)]
	Player:(10,2)
	Boxes:[(8,3),(9,4),(9,7),(9,12),(10,3),(10,6)]

ID:3880B96645FE80E4854CDCE1C4A46460
	Rows:13
	Colums:19
	Walls:[(0,6),(0,7),(0,8),(0,9),(0,10),(0,11),(0,12),(0,13),(0,14),(0,15),(0,16),(1,5),(1,11),(1,15),(2,5),(2,7),(2,15),(3,1),(3,2),(3,3),(3,4),(3,5),(3,7),(3,8),(3,11),(3,13),(3,14),(3,15),(3,16),(4,0),(4,1),(4,4),(4,8),(4,9),(4,10),(4,16),(4,17),(4,18),(5,0),(5,4),(5,13),(5,18),(6,0),(6,8),(6,9),(6,12),(6,13),(6,15),(6,16),(6,18),(7,0),(7,1),(7,2),(7,3),(7,5),(7,6),(7,8),(7,12),(7,16),(7,18),(8,2),(8,3),(8,5),(8,10),(8,16),(8,18),(9,2),(9,7),(9,9),(9,12),(9,15),(9,16),(9,18),(10,2),(10,18),(11,2),(11,5),(11,6),(11,7),(11,8),(11,9),(11,10),(11,11),(11,12),(11,13),(11,14),(11,15),(11,18),(12,2),(12,3),(12,4),(12,5),(12,15),(12,16),(12,17),(12,18)]
	Targets:[(1,8),(2,8),(3,9),(3,10),(4,6),(4,7),(5,5),(5,6),(5,7),(6,5),(6,6)]
	Player:(2,13)
	Boxes:[(5,2),(5,11),(5,16),(7,4),(7,7),(7,10),(8,11),(8,13),(8,14),(9,5),(9,14)]

ID:38E68F30F9876B2F5F7FE81C30BE58CD
	Rows:16
	Colums:19
	Walls:[(0,3),(0,4),(0,5),(0,6),(0,7),(0,8),(1,2),(1,7),(1,8),(1,9),(1,10),(2,0),(2,1),(2,2),(2,3),(2,4),(2,10),(3,0),(3,4),(3,5),(3,10),(3,11),(3,12),(3,13),(4,0),(4,4),(4,7),(4,8),(4,13),(5,0),(5,4),(5,7),(5,8),(5,9),(5,10),(5,11),(5,13),(6,0),(6,1),(6,11),(6,13),(7,0),(7,1),(7,7),(7,8),(7,9),(7,11),(7,13),(8,0),(8,1),(8,3),(8,9),(8,11),(8,13),(9,0),(9,1),(9,3),(9,5),(9,7),(9,11),(9,13),(10,0),(10,1),(10,3),(10,4),(10,5),(10,9),(10,11),(10,13),(10,14),(10,15),(10,16),(10,17),(10,18),(11,0),(11,6),(11,7),(11,8),(11,9),(11,11),(11,13),(11,18),(12,0),(12,16),(12,18),(13,0),(13,1),(13,2),(13,3),(13,8),(13,18),(14,0),(14,8),(14,11),(14,12),(14,18),(15,0),(15,1),(15,2),(15,3),(15,4),(15,5),(15,6),(15,7),(15,8),(15,9),(15,10),(15,11),(15,12),(15,13),(15,14),(15,15),(15,16),(15,17),(15,18)]
	Targets:[(11,14),(11,15),(11,16),(11,17),(12,14),(12,15),(12,17),(13,14),(13,15),(13,16),(13,17),(14,14),(14,15),(14,16),(14,17)]
	Player:(1,6)
	Boxes:[(2,6),(4,2),(5,2),(6,3),(6,6),(7,3),(7,5),(8,6),(9,6),(11,3),(12,5),(12,10),(13,4),(13,7),(13,10)]

ID:DD6F5E72A016A830D841EE4B944772EE
	Rows:16
	Colums:19
	Walls:[(0,5),(0,6),(0,7),(0,8),(0,9),(0,10),(0,11),(0,12),(0,13),(0,14),(1,0),(1,1),(1,2),(1,3),(1,4),(1,13),(1,14),(1,15),(1,16),(2,0),(2,6),(2,13),(2,16),(3,0),(3,2),(3,3),(3,4),(3,5),(3,6),(3,7),(3,8),(3,10),(3,11),(3,12),(3,13),(3,16),(3,17),(3,18),(4,0),(4,2),(4,7),(4,8),(4,10),(4,13),(4,18),(5,0),(5,2),(5,10),(5,13),(5,16),(5,18),(6,0),(6,2),(6,7),(6,13),(6,18),(7,0),(7,2),(7,5),(7,6),(7,7),(7,9),(7,10),(7,16),(7,18),(8,0),(8,2),(8,3),(8,4),(8,7),(8,10),(8,13),(8,18),(9,0),(9,2),(9,7),(9,10),(9,11),(9,12),(9,13),(9,16),(9,18),(10,0),(10,2),(10,13),(10,18),(11,0),(11,7),(11,13),(11,16),(11,18),(12,0),(12,1),(12,2),(12,3),(12,6),(12,7),(12,8),(12,13),(12,18),(13,3),(13,11),(13,12),(13,13),(13,18),(14,3),(14,10),(14,11),(14,13),(14,14),(14,15),(14,16),(14,17),(14,18),(15,3),(15,4),(15,5),(15,6),(15,7),(15,8),(15,9),(15,10)]
	Targets:[(4,16),(4,17),(5,17),(6,16),(6,17),(7,17),(8,16),(8,17),(9,17),(10,14),(10,16),(10,17),(11,17),(12,14),(12,16),(12,17),(13,14),(13,15),(13,16),(13,17)]
	Player:(2,14)
	Boxes:[(2,10),(3,9),(4,14),(5,4),(5,7),(6,4),(6,14),(8,14),(9,9),(10,3),(10,7),(10,10),(10,14),(11,5),(11,9),(11,11),(12,5),(12,14),(13,8),(13,9)]

ID:7DDAC0572EC3D6E85FE34CA9B79FB5FA
	Rows:16
	Colums:19
	Walls:[(0,5),(0,6),(0,7),(0,8),(0,9),(0,10),(0,11),(0,12),(0,13),(0,14),(1,0),(1,1),(1,2),(1,3),(1,4),(1,13),(1,14),(1,15),(1,16),(2,0),(2,6),(2,13),(2,16),(3,0),(3,2),(3,3),(3,4),(3,5),(3,6),(3,7),(3,8),(3,10),(3,11),(3,12),(3,13),(3,16),(3,17),(3,18),(4,0),(4,2),(4,7),(4,8),(4,10),(4,13),(4,18),(5,0),(5,2),(5,10),(5,13),(5,16),(5,18),(6,0),(6,2),(6,7),(6,13),(6,18),(7,0),(7,2),(7,5),(7,6),(7,7),(7,9),(7,10),(7,16),(7,18),(8,0),(8,2),(8,3),(8,4),(8,7),(8,10),(8,13),(8,18),(9,0),(9,2),(9,7),(9,10),(9,11),(9,12),(9,13),(9,16),(9,18),(10,0),(10,2),(10,13),(10,18),(11,0),(11,7),(11,13),(11,16),(11,18),(12,0),(12,1),(12,2),(12,3),(12,6),(12,7),(12,8),(12,13),(12,18),(13,3),(13,11),(13,12),(13,13),(13,18),(14,3),(14,10),(14,11),(14,13),(14,14),(14,15),(14,16),(14,17),(14,18),(15,3),(15,4),(15,5),(15,6),(15,7),(15,8),(15,9),(15,10)]
	Targets:[(4,16),(4,17),(5,17),(6,16),(6,17),(7,17),(8,16),(8,17),(9,17),(10,16),(10,17),(11,17),(12,16),(12,17),(13,14),(13,15),(13,16),(13,17)]
	Player:(2,14)
	Boxes:[(2,10),(3,9),(4,14),(5,4),(6,4),(6,14),(8,14),(10,3),(10,7),(10,10),(10,14),(11,5),(11,9),(11,11),(12,5),(12,14),(13,8),(13,9)]

ID:B3C2AA5A2B62E467E21AC64959FCA3B5
	Rows:15
	Colums:15
	Walls:[(0,1),(0,2),(0,3),(0,4),(0,5),(0,6),(0,7),(0,8),(0,9),(1,0),(1,8),(2,0),(2,8),(2,9),(2,10),(2,11),(3,0),(3,1),(3,3),(3,4),(3,5),(3,6),(3,8),(3,11),(4,0),(4,1),(4,3),(4,5),(4,6),(4,11),(5,0),(5,11),(6,0),(6,3),(6,5),(6,6),(6,11),(7,0),(7,3),(7,5),(7,6),(7,11),(7,12),(7,13),(7,14),(8,0),(8,1),(8,2),(8,3),(8,11),(8,14),(9,1),(9,5),(9,6),(9,14),(10,1),(10,3),(10,7),(10,9),(10,14),(11,1),(11,5),(11,7),(11,9),(11,10),(11,14),(12,1),(12,2),(12,3),(12,4),(12,5),(12,10),(12,14),(13,5),(13,6),(13,10),(13,11),(13,12),(13,13),(13,14),(14,6),(14,7),(14,8),(14,9),(14,10)]
	Targets:[(9,10),(9,11),(9,12),(9,13),(10,10),(10,11),(10,13),(11,11),(11,12),(11,13),(12,11),(12,12),(12,13)]
	Player:(4,4)
	Boxes:[(5,2),(5,3),(5,4),(5,6),(5,9),(5,10),(6,8),(7,9),(8,6),(8,7),(8,8),(8,10),(12,7)]

ID:D41DF7ED684BC0142C52FC47B63D2D56
	Rows:16
	Colums:19
	Walls:[(0,1),(0,2),(0,3),(0,4),(0,5),(0,6),(0,12),(0,13),(0,14),(0,15),(1,0),(1,5),(1,6),(1,7),(1,8),(1,9),(1,10),(1,11),(1,14),(1,15),(1,16),(1,17),(1,18),(2,0),(2,5),(2,8),(2,14),(2,18),(3,0),(3,11),(3,18),(4,0),(4,1),(4,8),(4,11),(4,18),(5,0),(5,5),(5,6),(5,7),(5,8),(5,9),(5,10),(5,11),(5,12),(5,13),(5,14),(5,15),(5,17),(5,18),(6,0),(6,2),(6,6),(6,14),(6,17),(7,0),(7,2),(7,3),(7,6),(7,14),(7,17),(8,0),(8,2),(8,17),(9,0),(9,2),(9,6),(9,14),(9,17),(10,0),(10,6),(10,7),(10,8),(10,9),(10,11),(10,12),(10,13),(10,14),(10,17),(11,0),(11,6),(11,7),(11,8),(11,17),(11,18),(12,0),(12,18),(13,0),(13,1),(13,3),(13,4),(13,5),(13,6),(13,7),(13,8),(13,12),(13,13),(13,14),(13,15),(13,16),(13,18),(14,0),(14,10),(14,18),(15,0),(15,1),(15,2),(15,3),(15,4),(15,5),(15,6),(15,7),(15,8),(15,9),(15,10),(15,11),(15,12),(15,13),(15,14),(15,15),(15,16),(15,17),(15,18)]
	Targets:[(6,7),(6,8),(6,9),(6,10),(6,11),(6,12),(6,13),(7,8),(7,9),(7,10),(7,11),(7,12),(7,13),(8,7),(8,8),(8,9),(8,10),(8,11),(8,12),(8,13),(8,14),(9,7),(9,8),(9,9),(9,10),(9,12),(9,13)]
	Player:(4,10)
	Boxes:[(2,4),(2,11),(3,3),(3,6),(3,9),(3,13),(3,15),(4,2),(4,4),(4,13),(5,3),(6,16),(8,6),(8,15),(9,4),(10,3),(10,5),(10,10),(10,16),(11,2),(11,10),(11,14),(12,2),(12,8),(12,10),(12,13),(13,10)]

ID:520B53A96ABF0926016C59D3211E2518
	Rows:14
	Colums:19
	Walls:[(0,5),(0,6),(0,7),(0,8),(0,9),(0,10),(0,11),(1,4),(1,7),(1,10),(1,11),(1,12),(1,13),(2,0),(2,1),(2,2),(2,3),(2,4),(2,7),(2,10),(2,13),(2,14),(3,0),(3,4),(3,7),(3,10),(3,14),(4,0),(4,4),(4,7),(4,10),(4,14),(4,15),(4,16),(4,17),(5,0),(5,4),(5,10),(5,14),(5,17),(6,0),(6,7),(6,10),(6,17),(7,0),(7,4),(7,7),(7,10),(7,14),(7,17),(8,0),(8,4),(8,7),(8,14),(8,17),(9,0),(9,4),(9,7),(9,10),(9,14),(9,17),(9,18),(10,0),(10,4),(10,7),(10,10),(10,14),(10,18),(11,0),(11,4),(11,7),(11,10),(11,14),(11,18),(12,0),(12,1),(12,4),(12,5),(12,6),(12,7),(12,10),(12,11),(12,12),(12,13),(12,14),(12,18),(13,1),(13,2),(13,3),(13,4),(13,7),(13,8),(13,9),(13,10),(13,14),(13,15),(13,16),(13,17),(13,18)]
	Targets:[(3,1),(3,2),(4,1),(4,2),(5,1),(6,1),(6,2),(7,1),(7,2),(8,1),(8,2),(9,1),(9,2),(10,1),(10,2),(11,1),(11,2),(12,2)]
	Player:(7,3)
	Boxes:[(2,6),(2,8),(4,6),(4,8),(4,13),(5,11),(6,6),(6,12),(7,8),(7,11),(8,6),(8,13),(9,8),(9,9),(9,11),(10,6),(10,13),(10,15)]

ID:34F930CFB7EE35EA69ED05E1F2A29B9D
	Rows:16
	Colums:19
	Walls:[(0,1),(0,2),(0,3),(0,4),(0,5),(0,6),(0,7),(0,8),(0,9),(0,10),(0,11),(0,12),(0,13),(0,14),(0,15),(1,0),(1,14),(1,15),(1,16),(1,17),(2,0),(2,14),(2,17),(3,0),(3,1),(3,2),(3,3),(3,4),(3,5),(3,6),(3,7),(3,8),(3,9),(3,10),(3,13),(3,17),(3,18),(4,0),(4,18),(5,0),(5,1),(5,3),(5,4),(5,5),(5,6),(5,10),(5,15),(5,18),(6,0),(6,7),(6,11),(6,12),(6,15),(6,17),(6,18),(7,0),(7,4),(7,7),(7,9),(7,10),(7,13),(7,14),(7,15),(7,17),(7,18),(8,0),(8,4),(8,6),(8,7),(8,8),(8,13),(8,14),(8,15),(8,17),(8,18),(9,0),(9,1),(9,2),(9,7),(9,10),(9,13),(9,14),(9,15),(9,17),(9,18),(10,0),(10,1),(10,2),(10,9),(10,10),(10,12),(10,15),(10,17),(10,18),(11,1),(11,6),(11,18),(12,1),(12,8),(12,14),(12,18),(13,1),(13,4),(13,14),(13,15),(13,16),(13,17),(13,18),(14,1),(14,4),(14,5),(14,8),(14,11),(14,14),(15,1),(15,2),(15,3),(15,4),(15,5),(15,6),(15,7),(15,8),(15,9),(15,10),(15,11),(15,12),(15,13),(15,14)]
	Targets:[(1,1),(1,2),(1,3),(1,4),(1,5),(1,6),(1,7),(1,8),(1,9),(1,10),(1,13),(2,1),(2,2),(2,3),(2,4),(2,5),(2,6),(2,7),(2,8),(2,9),(2,10),(2,13)]
	Player:(14,3)
	Boxes:[(2,11),(2,12),(3,11),(4,7),(4,10),(4,16),(5,13),(7,3),(8,2),(8,5),(9,5),(10,7),(11,3),(11,9),(11,12),(11,14),(12,4),(12,7),(12,9),(12,10),(12,11),(13,7)]

ID:CB416D65146252DCC77487E5836ABA5D
	Rows:16
	Colums:19
	Walls:[(0,1),(0,2),(0,3),(0,4),(1,0),(1,3),(1,4),(1,5),(1,6),(1,7),(1,8),(1,9),(1,10),(1,11),(1,12),(1,13),(1,14),(1,15),(1,16),(2,0),(2,3),(2,9),(2,16),(3,0),(3,3),(3,5),(3,7),(3,8),(3,9),(3,10),(3,11),(3,16),(4,0),(4,1),(4,3),(4,16),(5,0),(5,4),(5,5),(5,7),(5,8),(5,9),(5,10),(5,11),(5,12),(5,15),(5,16),(5,17),(5,18),(6,0),(6,4),(6,10),(6,11),(6,12),(6,13),(6,14),(6,15),(6,18),(7,0),(7,1),(7,4),(7,10),(7,11),(7,12),(7,13),(7,14),(7,15),(7,18),(8,0),(8,5),(8,9),(8,10),(8,18),(9,0),(9,7),(9,12),(9,14),(9,16),(9,17),(9,18),(10,0),(10,2),(10,3),(10,4),(10,5),(10,7),(10,17),(11,0),(11,2),(11,13),(11,17),(12,0),(12,2),(12,6),(12,7),(12,9),(12,10),(12,16),(12,17),(12,18),(13,0),(13,2),(13,3),(13,4),(13,5),(13,6),(13,7),(13,9),(13,10),(13,11),(13,12),(13,13),(13,14),(13,18),(14,0),(14,9),(14,14),(14,18),(15,0),(15,1),(15,2),(15,3),(15,4),(15,5),(15,6),(15,7),(15,8),(15,9),(15,14),(15,15),(15,16),(15,17),(15,18)]
	Targets:[(2,7),(2,8),(2,10),(2,11),(2,12),(2,13),(2,14),(2,15),(3,13),(3,14),(3,15),(4,8),(4,9),(4,10),(4,11),(4,12),(4,13),(4,14),(4,15)]
	Player:(6,16)
	Boxes:[(4,2),(5,6),(6,2),(7,2),(7,6),(8,3),(8,6),(8,7),(8,8),(9,13),(9,15),(10,8),(10,9),(10,10),(10,11),(10,12),(11,7),(13,8),(13,16)]

ID:CB416D65146252DCC77487E5836ABA5D
	Rows:16
	Colums:19
	Walls:[(0,1),(0,2),(0,3),(0,4),(1,0),(1,3),(1,4),(1,5),(1,6),(1,7),(1,8),(1,9),(1,10),(1,11),(1,12),(1,13),(1,14),(1,15),(1,16),(2,0),(2,3),(2,9),(2,16),(3,0),(3,3),(3,5),(3,7),(3,8),(3,9),(3,10),(3,11),(3,16),(4,0),(4,1),(4,3),(4,16),(5,0),(5,4),(5,5),(5,7),(5,8),(5,9),(5,10),(5,11),(5,12),(5,15),(5,16),(5,17),(5,18),(6,0),(6,4),(6,10),(6,11),(6,12),(6,13),(6,14),(6,15),(6,18),(7,0),(7,1),(7,4),(7,10),(7,11),(7,12),(7,13),(7,14),(7,15),(7,18),(8,0),(8,5),(8,9),(8,10),(8,18),(9,0),(9,7),(9,12),(9,14),(9,16),(9,17),(9,18),(10,0),(10,2),(10,3),(10,4),(10,5),(10,7),(10,17),(11,0),(11,2),(11,13),(11,17),(12,0),(12,2),(12,6),(12,7),(12,16),(12,17),(12,18),(13,0),(13,2),(13,3),(13,4),(13,5),(13,6),(13,7),(13,9),(13,10),(13,11),(13,12),(13,13),(13,14),(13,18),(14,0),(14,9),(14,14),(14,18),(15,0),(15,1),(15,2),(15,3),(15,4),(15,5),(15,6),(15,7),(15,8),(15,9),(15,14),(15,15),(15,16),(15,17),(15,18)]
	Targets:[(2,7),(2,8),(2,10),(2,11),(2,12),(2,13),(2,14),(2,15),(3,13),(3,14),(3,15),(4,8),(4,9),(4,10),(4,11),(4,12),(4,13),(4,14),(4,15)]
	Player:(6,16)
	Boxes:[(4,2),(5,6),(6,2),(7,2),(7,6),(8,3),(8,6),(8,7),(8,8),(9,13),(9,15),(10,8),(10,9),(10,10),(10,11),(10,12),(11,7),(13,8),(13,16)]

ID:C73951B30D914A97E9799A5428861F63
	Rows:12
	Colums:15
	Walls:[(0,2),(0,3),(0,4),(0,5),(0,6),(0,7),(0,8),(1,1),(1,4),(1,7),(1,8),(1,9),(1,10),(1,11),(2,0),(2,1),(2,4),(2,7),(2,11),(2,12),(2,13),(3,0),(3,4),(3,7),(3,13),(4,0),(4,4),(4,13),(5,0),(5,4),(5,7),(5,13),(6,0),(6,4),(6,7),(6,8),(6,9),(6,10),(6,11),(6,12),(6,13),(6,14),(7,0),(7,1),(7,14),(8,0),(8,1),(8,4),(8,10),(8,14),(9,1),(9,2),(9,3),(9,4),(9,5),(9,6),(9,9),(9,10),(9,14),(10,6),(10,13),(10,14),(11,6),(11,7),(11,8),(11,9),(11,10),(11,11),(11,12),(11,13)]
	Targets:[(2,8),(2,9),(2,10),(3,8),(3,9),(3,10),(4,8),(4,9),(4,10),(5,8),(5,9),(5,10),(5,12)]
	Player:(9,13)
	Boxes:[(3,3),(4,2),(4,5),(4,6),(5,3),(6,6),(7,2),(7,10),(7,12),(8,7),(8,8),(9,11),(9,12)]

ID:14A0D17BD0179B1C339A4ACEC1211F6F
	Rows:13
	Colums:19
	Walls:[(0,2),(0,3),(0,4),(0,5),(0,6),(0,7),(0,8),(0,9),(0,10),(0,11),(0,12),(0,13),(0,14),(0,15),(0,16),(0,17),(0,18),(1,1),(1,8),(1,13),(1,17),(1,18),(2,0),(2,1),(2,10),(2,11),(2,13),(2,15),(2,18),(3,0),(3,7),(3,13),(3,18),(4,0),(4,7),(4,10),(4,13),(4,15),(4,18),(5,0),(5,1),(5,2),(5,3),(5,4),(5,5),(5,6),(5,7),(5,8),(5,18),(6,2),(6,8),(6,10),(6,11),(6,14),(6,15),(6,17),(6,18),(7,1),(7,2),(7,11),(7,18),(8,1),(8,4),(8,5),(8,7),(8,8),(8,9),(8,11),(8,14),(8,15),(8,18),(9,1),(9,18),(10,1),(10,9),(10,10),(10,13),(10,14),(10,15),(10,16),(10,17),(10,18),(11,1),(11,2),(11,3),(11,4),(11,5),(11,6),(11,7),(11,12),(11,13),(12,7),(12,8),(12,9),(12,10),(12,11),(12,12)]
	Targets:[(1,2),(1,3),(1,4),(2,2),(2,3),(2,4),(2,5),(2,6),(3,1),(3,2),(3,3),(3,4),(3,5),(3,6),(4,1),(4,2),(4,3),(4,4),(4,5),(4,6)]
	Player:(11,10)
	Boxes:[(2,9),(2,16),(3,10),(5,10),(5,13),(5,15),(6,9),(6,12),(6,16),(7,6),(7,13),(8,16),(9,3),(9,5),(9,6),(9,12),(9,15),(10,3),(10,8),(10,11)]

ID:814E3D87432EA2BD63F2CD9CB31ACB54
	Rows:15
	Colums:17
	Walls:[(0,10),(0,11),(0,12),(0,13),(0,14),(1,5),(1,6),(1,7),(1,8),(1,9),(1,13),(2,4),(2,5),(2,13),(2,14),(2,15),(2,16),(3,0),(3,1),(3,2),(3,3),(3,4),(3,13),(3,14),(3,16),(4,0),(4,12),(4,13),(4,16),(5,0),(5,3),(5,4),(5,5),(5,6),(5,7),(5,8),(5,10),(5,11),(5,12),(5,16),(6,0),(6,1),(6,3),(6,6),(6,11),(6,16),(7,0),(7,6),(7,11),(7,16),(8,0),(8,3),(8,6),(8,7),(8,9),(8,10),(8,11),(8,12),(8,16),(9,0),(9,1),(9,2),(9,3),(9,12),(9,13),(9,16),(10,3),(10,4),(10,16),(11,4),(11,12),(11,16),(12,4),(12,13),(12,14),(12,15),(12,16),(13,4),(13,5),(13,6),(13,7),(13,8),(13,9),(13,13),(14,9),(14,10),(14,11),(14,12),(14,13)]
	Targets:[(3,15),(4,14),(4,15),(5,13),(5,14),(6,12),(6,13),(6,14),(7,12),(7,13),(7,14),(8,13),(8,14),(8,15),(9,14),(9,15),(10,13),(10,14),(10,15),(11,15)]
	Player:(8,1)
	Boxes:[(2,7),(2,10),(3,6),(3,9),(3,11),(4,8),(4,9),(7,2),(8,4),(9,6),(9,8),(9,9),(10,7),(10,9),(10,12),(11,6),(11,7),(11,10),(12,8),(12,10)]

ID:87E331849E4BDAC1125E48C2D76B595A
	Rows:13
	Colums:19
	Walls:[(0,1),(0,2),(0,3),(0,4),(0,5),(1,0),(1,4),(1,5),(2,0),(2,5),(2,6),(2,7),(2,8),(2,9),(2,10),(2,11),(2,12),(2,13),(3,0),(3,1),(3,3),(3,5),(3,13),(3,14),(3,15),(3,16),(3,17),(3,18),(4,0),(4,1),(4,3),(4,8),(4,10),(4,14),(4,18),(5,0),(5,3),(5,12),(5,18),(6,0),(6,3),(6,4),(6,5),(6,7),(6,8),(6,9),(6,10),(6,11),(6,12),(6,13),(6,14),(6,15),(6,17),(6,18),(7,0),(7,3),(7,4),(7,15),(7,17),(7,18),(8,0),(8,1),(8,3),(8,4),(8,15),(8,17),(8,18),(9,0),(9,3),(9,4),(9,5),(9,6),(9,7),(9,8),(9,9),(9,10),(9,11),(9,12),(9,14),(9,15),(9,18),(10,0),(10,18),(11,0),(11,3),(11,7),(11,11),(11,15),(11,18),(12,0),(12,1),(12,2),(12,3),(12,4),(12,5),(12,6),(12,7),(12,8),(12,9),(12,10),(12,11),(12,12),(12,13),(12,14),(12,15),(12,16),(12,17),(12,18)]
	Targets:[(7,6),(7,7),(7,8),(7,9),(7,10),(7,11),(7,12),(7,13),(8,6),(8,7),(8,8),(8,9),(8,10),(8,11),(8,12),(8,13)]
	Player:(4,11)
	Boxes:[(2,2),(4,7),(4,9),(5,10),(5,16),(7,8),(8,6),(8,8),(8,11),(8,13),(9,2),(9,16),(10,3),(10,7),(10,10),(10,15)]

ID:C6571789288ACC2498B4E0197727B240
	Rows:14
	Colums:19
	Walls:[(0,8),(0,9),(0,10),(0,11),(0,12),(0,13),(0,14),(0,15),(0,16),(0,17),(0,18),(1,7),(1,11),(1,17),(2,0),(2,1),(2,2),(2,3),(2,4),(2,7),(2,17),(3,0),(3,4),(3,5),(3,6),(3,7),(3,8),(3,11),(3,12),(3,14),(3,16),(3,17),(4,0),(4,4),(4,5),(4,9),(4,11),(4,12),(4,17),(5,0),(5,9),(5,11),(5,12),(5,17),(6,0),(6,1),(6,3),(6,4),(6,5),(6,9),(6,11),(6,12),(6,17),(7,0),(7,1),(7,3),(7,7),(7,8),(7,9),(7,11),(7,12),(7,13),(7,14),(7,15),(7,17),(8,0),(8,1),(8,3),(8,12),(8,17),(9,0),(9,3),(9,4),(9,5),(9,7),(9,8),(9,12),(9,17),(9,18),(10,0),(10,8),(10,12),(10,18),(11,0),(11,3),(11,4),(11,8),(11,11),(11,12),(11,18),(12,0),(12,1),(12,2),(12,3),(12,4),(12,8),(12,9),(12,10),(12,11),(12,12),(12,13),(12,17),(12,18),(13,4),(13,5),(13,6),(13,7),(13,8),(13,13),(13,14),(13,15),(13,16),(13,17)]
	Targets:[(8,13),(8,14),(8,15),(8,16),(9,13),(9,14),(9,15),(9,16),(10,13),(10,14),(10,16),(11,13),(11,14),(11,15),(11,16),(12,14),(12,15),(12,16)]
	Player:(5,5)
	Boxes:[(2,13),(2,15),(3,10),(4,2),(4,14),(5,2),(5,6),(5,7),(5,13),(5,14),(5,15),(7,16),(8,9),(9,10),(10,2),(10,6),(10,15),(11,6)]

ID:868A30E2299B32589C19963EC6C2C3D7
	Rows:16
	Colums:18
	Walls:[(0,3),(0,4),(0,5),(0,6),(1,2),(1,5),(1,6),(1,7),(1,8),(1,9),(1,10),(1,11),(1,12),(1,13),(2,1),(2,2),(2,5),(2,6),(2,9),(2,13),(3,1),(3,5),(3,13),(3,14),(3,15),(3,16),(4,1),(4,8),(4,13),(4,16),(4,17),(5,0),(5,1),(5,5),(5,6),(5,8),(5,17),(6,0),(6,3),(6,6),(6,8),(6,17),(7,0),(7,11),(7,12),(7,14),(7,15),(7,16),(7,17),(8,0),(8,6),(8,8),(8,11),(8,14),(9,0),(9,1),(9,4),(9,5),(9,6),(9,9),(9,10),(9,11),(9,14),(10,1),(10,4),(10,14),(11,1),(11,2),(11,3),(11,4),(11,11),(11,12),(11,13),(11,14),(12,3),(12,8),(12,9),(12,10),(12,11),(13,3),(13,7),(13,8),(14,3),(14,7),(15,3),(15,4),(15,5),(15,6),(15,7)]
	Targets:[(10,5),(10,6),(10,7),(10,8),(11,5),(11,6),(11,7),(11,8),(11,9),(11,10),(12,4),(12,5),(12,6),(12,7),(13,4),(13,5),(13,6),(14,4),(14,5),(14,6)]
	Player:(3,8)
	Boxes:[(3,4),(3,7),(3,9),(4,2),(4,5),(4,10),(4,12),(5,4),(5,9),(5,11),(6,12),(6,13),(6,14),(7,2),(7,7),(7,10),(8,2),(8,4),(8,7),(9,12)]

ID:F2325F7B3016AD0352B1A5477F1DDBBE
	Rows:15
	Colums:13
	Walls:[(0,7),(0,8),(0,9),(0,10),(1,2),(1,3),(1,4),(1,5),(1,6),(1,9),(2,1),(2,2),(2,9),(3,0),(3,1),(3,6),(3,7),(3,9),(3,10),(3,11),(4,0),(4,6),(4,11),(5,0),(5,1),(5,2),(5,3),(5,5),(5,6),(5,11),(6,1),(6,6),(6,11),(7,1),(7,6),(7,11),(8,1),(8,11),(8,12),(9,1),(9,6),(9,12),(10,1),(10,2),(10,3),(10,4),(10,5),(10,6),(10,12),(11,6),(11,10),(11,11),(11,12),(12,6),(12,9),(12,10),(12,11),(13,6),(13,9),(14,6),(14,7),(14,8),(14,9)]
	Targets:[(6,2),(6,3),(6,4),(6,5),(7,2),(7,3),(7,4),(7,5),(8,2),(8,3),(8,4),(8,5),(9,2),(9,3),(9,4)]
	Player:(4,1)
	Boxes:[(2,8),(3,3),(4,2),(4,4),(4,8),(5,10),(6,7),(6,9),(7,10),(8,8),(8,9),(9,8),(10,7),(10,9),(12,7)]

ID:3AEEA47275BFE796FB99CE7B407B57DA
	Rows:15
	Colums:13
	Walls:[(0,1),(0,2),(0,3),(0,4),(0,5),(0,6),(0,7),(0,8),(0,9),(0,10),(0,11),(0,12),(1,0),(1,1),(1,7),(1,8),(1,11),(2,0),(2,1),(2,11),(3,0),(3,1),(3,2),(3,3),(3,5),(3,6),(3,11),(4,0),(4,6),(4,11),(5,0),(5,6),(5,8),(5,9),(5,10),(5,11),(6,0),(6,4),(6,6),(6,10),(6,11),(7,0),(7,3),(7,6),(7,11),(8,0),(8,3),(8,6),(8,11),(9,0),(9,6),(9,8),(9,9),(9,10),(9,11),(10,0),(10,1),(10,2),(10,3),(10,9),(10,11),(11,0),(11,6),(11,9),(11,11),(12,0),(12,1),(12,6),(12,11),(13,0),(13,1),(13,2),(13,5),(13,6),(13,11),(14,0),(14,1),(14,2),(14,3),(14,4),(14,5),(14,6),(14,7),(14,8),(14,9),(14,10),(14,11)]
	Targets:[(9,4),(9,5),(10,4),(10,5),(11,1),(11,2),(11,3),(11,4),(11,5),(12,2),(12,3),(12,4),(12,5),(13,3),(13,4)]
	Player:(10,10)
	Boxes:[(2,5),(2,9),(3,8),(3,9),(4,4),(5,2),(5,3),(5,4),(6,8),(7,9),(8,2),(8,5),(10,7),(11,8),(12,9)]

ID:EB7E860C1A8EC9DD245602A7397B6354
	Rows:15
	Colums:14
	Walls:[(0,2),(0,3),(0,4),(0,5),(0,6),(0,7),(0,8),(0,9),(0,10),(1,1),(1,9),(1,10),(2,1),(2,3),(2,5),(2,10),(2,11),(3,0),(3,1),(3,6),(3,8),(3,11),(3,12),(4,0),(4,6),(4,9),(4,12),(4,13),(5,0),(5,6),(5,9),(5,10),(5,13),(6,0),(6,1),(6,3),(6,4),(6,5),(6,13),(7,1),(7,10),(7,13),(8,1),(8,3),(8,10),(8,11),(8,13),(9,1),(9,4),(9,5),(9,6),(9,9),(9,10),(9,13),(10,1),(10,6),(10,7),(10,9),(10,10),(10,12),(10,13),(11,1),(11,6),(11,12),(12,1),(12,2),(12,3),(12,10),(12,11),(12,12),(13,3),(13,6),(13,7),(13,8),(13,9),(13,10),(14,3),(14,4),(14,5),(14,6)]
	Targets:[(1,2),(1,3),(1,4),(1,5),(2,2),(2,4),(3,2),(3,3),(3,4),(3,5),(4,2),(4,3),(4,4),(4,5)]
	Player:(3,10)
	Boxes:[(2,8),(5,7),(5,11),(6,8),(7,2),(7,5),(7,7),(7,9),(8,6),(8,8),(11,4),(11,9),(12,4),(12,6)]

ID:25A8C901387160420AACA1DD30B51FED
	Rows:16
	Colums:20
	Walls:[(0,1),(0,2),(0,3),(0,4),(0,5),(0,6),(0,7),(0,8),(0,9),(0,10),(0,11),(0,12),(0,14),(0,15),(0,16),(0,17),(0,18),(0,19),(1,0),(1,4),(1,9),(1,11),(1,12),(1,13),(1,18),(2,0),(2,6),(2,18),(3,0),(3,4),(3,6),(3,7),(3,8),(3,12),(3,18),(4,0),(4,1),(4,3),(4,4),(4,6),(4,7),(4,8),(4,11),(4,18),(5,1),(5,11),(5,13),(5,15),(5,16),(5,17),(5,18),(6,1),(6,7),(6,8),(6,11),(6,18),(7,0),(7,1),(7,2),(7,3),(7,5),(7,8),(7,9),(7,10),(7,11),(7,13),(7,15),(7,16),(7,18),(8,0),(8,3),(8,5),(8,10),(8,11),(8,13),(8,18),(9,0),(9,8),(9,10),(9,11),(9,13),(9,17),(9,18),(10,0),(10,2),(10,11),(10,13),(10,17),(11,0),(11,5),(11,6),(11,8),(11,9),(11,11),(11,13),(11,14),(11,15),(11,16),(11,17),(12,0),(12,13),(13,0),(13,1),(13,3),(13,4),(13,6),(13,7),(13,8),(13,13),(14,1),(14,6),(14,8),(14,13),(15,1),(15,2),(15,3),(15,4),(15,5),(15,6),(15,8),(15,9),(15,10),(15,11),(15,12),(15,13)]
	Targets:[(1,14),(1,15),(1,16),(1,17),(2,13),(2,14),(2,15),(2,16),(2,17),(3,14),(3,15),(3,16),(3,17),(4,14),(4,15),(4,16),(4,17)]
	Player:(2,10)
	Boxes:[(2,4),(2,5),(5,3),(5,5),(6,4),(6,6),(8,6),(9,2),(9,5),(10,4),(10,6),(11,3),(12,2),(12,3),(12,9),(12,10),(13,10)]

ID:5ED5909972857482CFCA5D648DC649A5
	Rows:16
	Colums:19
	Walls:[(0,13),(0,14),(0,15),(0,16),(0,17),(1,0),(1,1),(1,2),(1,3),(1,4),(1,7),(1,8),(1,9),(1,10),(1,11),(1,12),(1,16),(2,0),(2,4),(2,5),(2,6),(2,7),(2,16),(3,0),(3,6),(3,7),(3,9),(3,10),(3,12),(3,13),(3,16),(3,17),(4,0),(4,17),(5,0),(5,1),(5,2),(5,7),(5,8),(5,10),(5,11),(5,17),(5,18),(6,2),(6,4),(6,5),(6,6),(6,7),(6,8),(6,10),(6,11),(6,12),(6,13),(6,14),(6,18),(7,1),(7,2),(7,4),(7,5),(7,6),(7,7),(7,8),(7,11),(7,12),(7,18),(8,1),(8,6),(8,7),(8,8),(8,10),(8,11),(8,12),(8,17),(8,18),(9,1),(9,6),(9,10),(9,11),(9,12),(9,15),(9,16),(9,17),(10,1),(10,8),(10,15),(11,1),(11,7),(11,11),(11,12),(11,15),(12,1),(12,2),(12,3),(12,4),(12,5),(12,6),(12,7),(12,12),(12,13),(12,14),(13,4),(13,14),(14,4),(14,14),(15,4),(15,5),(15,6),(15,7),(15,8),(15,9),(15,10),(15,11),(15,12),(15,13),(15,14)]
	Targets:[(12,8),(12,9),(12,11),(13,5),(13,6),(13,7),(13,8),(13,9),(13,10),(13,11),(13,12),(13,13),(14,5),(14,6),(14,7),(14,8),(14,9),(14,10),(14,11),(14,12),(14,13)]
	Player:(7,10)
	Boxes:[(2,10),(2,12),(2,14),(3,2),(4,4),(4,6),(4,12),(4,15),(5,4),(6,15),(6,16),(7,3),(8,3),(8,9),(8,14),(9,3),(10,3),(10,4),(10,6),(10,12),(10,13)]

ID:107D69AE970F8C4F36C6F596D882DBA7
	Rows:15
	Colums:19
	Walls:[(0,1),(0,2),(0,3),(0,4),(0,5),(0,6),(0,7),(0,8),(0,9),(0,10),(0,11),(1,0),(1,10),(1,11),(1,12),(1,13),(1,14),(1,15),(1,16),(1,17),(1,18),(2,0),(2,10),(2,13),(2,14),(2,18),(3,0),(3,3),(3,4),(3,5),(3,18),(4,0),(4,9),(4,12),(4,13),(4,14),(4,18),(5,0),(5,4),(5,6),(5,7),(5,8),(5,9),(5,10),(5,15),(5,18),(6,0),(6,1),(6,2),(6,7),(6,11),(6,15),(6,18),(7,2),(7,14),(7,15),(7,18),(8,2),(8,9),(8,11),(8,14),(8,15),(8,18),(9,2),(9,3),(9,4),(9,6),(9,7),(9,9),(9,14),(9,15),(9,18),(10,3),(10,10),(10,11),(10,13),(10,14),(10,15),(10,16),(10,17),(10,18),(11,3),(11,14),(12,3),(12,4),(12,8),(12,10),(12,14),(13,4),(13,5),(13,6),(13,7),(13,8),(13,10),(13,11),(13,12),(13,13),(13,14),(14,8),(14,9),(14,10)]
	Targets:[(1,1),(1,2),(1,3),(1,4),(1,5),(1,6),(2,1),(2,2),(2,3),(2,4),(2,5),(2,6),(3,1),(3,2),(4,1),(4,2),(4,3),(5,1),(5,2),(5,3)]
	Player:(13,9)
	Boxes:[(3,7),(3,12),(4,5),(4,7),(5,5),(6,12),(6,16),(7,5),(7,6),(7,8),(7,10),(7,13),(8,5),(8,10),(8,12),(8,16),(10,6),(10,8),(11,8),(11,11)]

ID:107D69AE970F8C4F36C6F596D882DBA7
	Rows:15
	Colums:19
	Walls:[(0,1),(0,2),(0,3),(0,4),(0,5),(0,6),(0,7),(0,8),(0,9),(0,10),(0,11),(1,0),(1,10),(1,11),(1,12),(1,13),(1,14),(1,15),(1,16),(1,17),(1,18),(2,0),(2,10),(2,13),(2,14),(2,18),(3,0),(3,3),(3,4),(3,5),(3,18),(4,0),(4,9),(4,13),(4,14),(4,18),(5,0),(5,4),(5,6),(5,7),(5,8),(5,9),(5,10),(5,15),(5,18),(6,0),(6,1),(6,2),(6,7),(6,11),(6,15),(6,18),(7,2),(7,14),(7,15),(7,18),(8,2),(8,9),(8,11),(8,14),(8,15),(8,18),(9,2),(9,3),(9,4),(9,6),(9,7),(9,9),(9,14),(9,15),(9,18),(10,3),(10,10),(10,11),(10,13),(10,14),(10,15),(10,16),(10,17),(10,18),(11,3),(11,14),(12,3),(12,4),(12,8),(12,10),(12,14),(13,4),(13,5),(13,6),(13,7),(13,8),(13,10),(13,11),(13,12),(13,13),(13,14),(14,8),(14,9),(14,10)]
	Targets:[(1,1),(1,2),(1,3),(1,4),(1,5),(1,6),(2,1),(2,2),(2,3),(2,4),(2,5),(2,6),(3,1),(3,2),(4,1),(4,2),(4,3),(5,1),(5,2),(5,3)]
	Player:(13,9)
	Boxes:[(3,7),(3,12),(4,5),(4,7),(5,5),(6,12),(6,16),(7,5),(7,6),(7,8),(7,10),(7,13),(8,5),(8,10),(8,12),(8,16),(10,6),(10,8),(11,8),(11,11)]

ID:7A1DE28BF2B83DF5215C775E5A7BB215
	Rows:11
	Colums:11
	Walls:[(0,7),(0,8),(0,9),(0,10),(1,0),(1,1),(1,2),(1,3),(1,4),(1,5),(1,6),(1,9),(2,0),(2,9),(3,0),(3,5),(3,6),(3,9),(4,0),(4,1),(4,3),(4,7),(4,9),(5,1),(5,9),(6,1),(6,3),(6,7),(6,9),(6,10),(7,1),(7,5),(7,7),(7,10),(8,1),(8,10),(9,1),(9,4),(9,5),(9,6),(9,7),(9,8),(9,9),(9,10),(10,1),(10,2),(10,3),(10,4)]
	Targets:[(4,4),(4,5),(4,6),(5,4),(5,5),(5,6),(6,4),(6,6)]
	Player:(1,8)
	Boxes:[(2,6),(3,4),(3,8),(4,2),(5,3),(7,8),(8,2),(8,5)]

ID:80187A4BBF0D8FF4EEB13B498DD6BF07
	Rows:16
	Colums:20
	Walls:[(0,14),(0,15),(0,16),(0,17),(0,18),(0,19),(1,1),(1,2),(1,3),(1,4),(1,5),(1,6),(1,7),(1,8),(1,9),(1,10),(1,11),(1,12),(1,13),(1,18),(2,0),(2,1),(2,5),(2,6),(2,12),(2,13),(2,18),(3,0),(3,5),(3,6),(3,12),(3,13),(3,18),(4,0),(4,11),(4,18),(5,0),(5,5),(5,6),(5,11),(5,13),(5,18),(6,0),(6,5),(6,6),(6,11),(6,18),(7,0),(7,1),(7,3),(7,4),(7,5),(7,6),(7,7),(7,9),(7,10),(7,11),(7,13),(7,14),(7,16),(7,17),(7,18),(8,0),(8,1),(8,10),(8,11),(8,18),(9,0),(9,3),(9,4),(9,5),(9,8),(9,10),(9,11),(9,12),(9,13),(9,14),(9,16),(9,17),(9,18),(10,0),(10,8),(10,16),(11,0),(11,5),(11,11),(11,12),(11,13),(11,16),(12,0),(12,5),(12,11),(12,13),(12,14),(12,15),(12,16),(13,0),(13,5),(13,11),(14,0),(14,1),(14,2),(14,3),(14,4),(14,5),(14,9),(14,10),(14,11),(15,5),(15,6),(15,7),(15,8),(15,9)]
	Targets:[(1,14),(1,15),(1,16),(1,17),(2,14),(2,15),(2,16),(2,17),(3,14),(3,15),(3,16),(3,17),(4,14),(4,15),(4,16),(4,17),(5,15),(5,16),(5,17),(6,14),(6,15),(6,16),(6,17),(7,15),(8,15)]
	Player:(3,11)
	Boxes:[(3,3),(3,4),(3,9),(4,7),(4,8),(4,10),(5,3),(5,8),(5,9),(6,3),(6,8),(8,5),(8,8),(9,2),(10,4),(11,3),(11,6),(11,8),(11,10),(12,2),(12,3),(12,4),(12,7),(13,8),(13,9)]

ID:E543C142E3E758B1402CFE4CBE8AFC9D
	Rows:16
	Colums:17
	Walls:[(0,5),(0,6),(0,7),(0,8),(0,9),(0,10),(0,11),(0,12),(0,13),(0,14),(0,15),(0,16),(1,4),(1,15),(1,16),(2,4),(2,7),(2,9),(2,16),(3,4),(3,7),(3,9),(3,12),(3,13),(3,16),(4,3),(4,4),(4,6),(4,7),(4,9),(4,13),(4,15),(4,16),(5,3),(5,9),(5,13),(5,15),(6,3),(6,7),(6,13),(6,15),(7,3),(7,4),(7,12),(7,13),(7,15),(8,3),(8,6),(8,9),(8,10),(8,15),(9,3),(9,8),(9,9),(9,13),(9,15),(10,0),(10,1),(10,2),(10,3),(10,4),(10,5),(10,11),(10,15),(11,0),(11,5),(11,8),(11,9),(11,10),(11,11),(11,12),(11,13),(11,14),(11,15),(12,0),(12,2),(12,7),(12,8),(13,0),(13,8),(14,0),(14,8),(15,0),(15,1),(15,2),(15,3),(15,4),(15,5),(15,6),(15,7),(15,8)]
	Targets:[(11,1),(11,2),(11,3),(11,4),(12,1),(12,3),(12,4),(12,5),(13,1),(13,2),(13,3),(13,4),(14,1),(14,2),(14,3),(14,4)]
	Player:(3,15)
	Boxes:[(2,10),(2,11),(2,13),(3,5),(3,8),(4,11),(5,7),(5,10),(6,9),(7,6),(7,8),(8,13),(9,11),(9,12),(10,6),(10,7)]

ID:7FEF0F8FBB857595FA627D905E39C788
	Rows:15
	Colums:19
	Walls:[(0,12),(0,13),(0,14),(0,15),(0,16),(1,10),(1,11),(1,15),(1,16),(2,9),(2,10),(2,16),(3,8),(3,9),(3,16),(4,7),(4,8),(4,16),(5,7),(5,16),(6,0),(6,1),(6,2),(6,3),(6,7),(6,14),(6,15),(6,16),(6,17),(6,18),(7,0),(7,3),(7,4),(7,5),(7,6),(7,7),(7,8),(7,9),(7,10),(7,12),(7,13),(7,18),(8,0),(8,18),(9,0),(9,2),(9,4),(9,5),(9,6),(9,7),(9,8),(9,9),(9,10),(9,12),(9,13),(9,17),(9,18),(10,0),(10,2),(10,4),(10,5),(10,6),(10,7),(10,8),(10,9),(10,10),(10,13),(10,17),(10,18),(11,0),(11,13),(11,18),(12,0),(12,1),(12,2),(12,3),(12,4),(12,5),(12,6),(12,7),(12,8),(12,9),(12,10),(12,11),(12,12),(12,13),(12,18),(13,13),(13,14),(13,17),(13,18),(14,14),(14,15),(14,16),(14,17)]
	Targets:[(8,1),(9,1),(10,1),(10,11),(11,1),(11,2),(11,3),(11,4),(11,5),(11,6),(11,7),(11,8),(11,9),(11,10),(11,11)]
	Player:(8,17)
	Boxes:[(3,12),(3,13),(4,10),(4,11),(4,14),(5,9),(5,14),(6,11),(6,12),(8,14),(8,15),(8,16),(10,14),(10,16),(12,16)]

ID:F41F48744675540FA2C5705390419F70
	Rows:13
	Colums:18
	Walls:[(0,6),(0,7),(0,8),(0,9),(0,10),(0,11),(0,12),(0,13),(1,2),(1,3),(1,4),(1,5),(1,12),(1,13),(1,14),(1,15),(1,16),(1,17),(2,2),(2,7),(2,8),(2,17),(3,2),(3,4),(3,5),(3,7),(3,8),(3,10),(3,16),(3,17),(4,0),(4,1),(4,2),(4,10),(4,16),(4,17),(5,0),(5,10),(5,13),(5,17),(6,0),(6,2),(6,10),(6,17),(7,0),(7,2),(7,13),(7,17),(8,0),(8,4),(8,5),(8,6),(8,8),(8,9),(8,10),(8,16),(8,17),(9,0),(9,1),(9,2),(9,16),(10,2),(10,16),(11,2),(11,3),(11,4),(11,5),(11,6),(11,7),(11,11),(11,12),(11,13),(11,14),(11,15),(11,16),(12,7),(12,8),(12,9),(12,10),(12,11)]
	Targets:[(4,4),(4,5),(4,6),(4,7),(4,8),(4,9),(5,4),(5,5),(5,6),(5,7),(5,8),(5,9),(6,4),(6,5),(6,6),(6,7),(6,8),(6,9),(7,4),(7,5),(7,6),(7,7),(7,8),(7,9)]
	Player:(2,16)
	Boxes:[(2,10),(2,12),(3,9),(3,11),(3,13),(3,15),(4,13),(4,14),(6,11),(6,14),(7,11),(7,12),(7,15),(8,2),(8,11),(8,14),(9,5),(9,8),(9,11),(9,14),(10,5),(10,8),(10,11),(10,14)]

ID:A352CDA0CD488FD90870DF4C0EC69323
	Rows:13
	Colums:18
	Walls:[(0,6),(0,7),(0,8),(0,9),(0,10),(0,11),(0,12),(0,13),(1,2),(1,3),(1,4),(1,5),(1,12),(1,13),(1,14),(1,15),(1,16),(1,17),(2,2),(2,7),(2,8),(2,17),(3,2),(3,4),(3,5),(3,7),(3,8),(3,10),(3,16),(3,17),(4,0),(4,1),(4,2),(4,10),(4,16),(4,17),(5,0),(5,10),(5,13),(5,17),(6,0),(6,2),(6,10),(6,17),(7,0),(7,2),(7,13),(7,17),(8,0),(8,4),(8,5),(8,6),(8,8),(8,9),(8,10),(8,16),(8,17),(9,0),(9,1),(9,2),(9,16),(10,2),(10,16),(11,2),(11,3),(11,4),(11,5),(11,6),(11,7),(11,11),(11,12),(11,13),(11,14),(11,15),(11,16),(12,7),(12,8),(12,9),(12,10),(12,11)]
	Targets:[(4,4),(4,5),(4,6),(4,7),(4,8),(4,9),(5,4),(5,5),(5,6),(5,7),(5,8),(5,9),(6,4),(6,5),(6,6),(6,7),(6,8),(6,9),(7,4),(7,5),(7,6),(7,7),(7,8),(7,9)]
	Player:(2,16)
	Boxes:[(2,10),(2,12),(3,9),(3,11),(3,13),(3,15),(4,13),(4,14),(6,11),(6,14),(7,3),(7,11),(7,12),(7,15),(8,11),(8,14),(9,5),(9,8),(9,11),(9,14),(10,5),(10,8),(10,11),(10,14)]

ID:7B2423B81D9D3FC236848AB31868B105
	Rows:11
	Colums:19
	Walls:[(0,9),(0,10),(0,11),(0,12),(0,13),(0,14),(0,15),(1,4),(1,5),(1,6),(1,7),(1,8),(1,11),(1,14),(1,15),(1,16),(1,17),(2,4),(2,8),(2,17),(3,1),(3,2),(3,3),(3,4),(3,6),(3,10),(3,11),(3,13),(3,14),(3,17),(4,0),(4,1),(4,8),(4,10),(4,13),(4,14),(4,16),(4,17),(4,18),(5,0),(5,3),(5,4),(5,5),(5,8),(5,18),(6,0),(6,8),(6,10),(6,11),(6,14),(6,18),(7,0),(7,4),(7,11),(7,13),(7,14),(7,15),(7,17),(7,18),(8,0),(8,4),(8,7),(8,8),(8,9),(8,18),(9,0),(9,1),(9,2),(9,3),(9,4),(9,5),(9,6),(9,7),(9,9),(9,10),(9,14),(9,18),(10,10),(10,11),(10,12),(10,13),(10,14),(10,15),(10,16),(10,17),(10,18)]
	Targets:[(6,1),(6,2),(6,3),(7,1),(7,2),(7,3),(8,1),(8,2),(8,3)]
	Player:(7,9)
	Boxes:[(2,12),(3,7),(3,8),(5,7),(5,9),(5,12),(5,15),(8,12),(8,15)]

ID:CDA84838BCBAE2EF68F0476F7EF78879
	Rows:15
	Colums:19
	Walls:[(0,2),(0,3),(0,4),(0,5),(0,6),(1,1),(1,5),(2,1),(2,3),(2,5),(2,6),(2,7),(2,8),(2,9),(2,10),(2,11),(3,1),(3,10),(3,11),(3,12),(3,13),(3,14),(3,15),(4,1),(4,5),(4,6),(4,9),(4,10),(4,11),(4,15),(5,1),(5,3),(5,4),(5,5),(5,6),(5,15),(6,1),(6,3),(6,4),(6,5),(6,6),(6,7),(6,9),(6,12),(6,15),(6,16),(6,17),(6,18),(7,0),(7,1),(7,4),(7,5),(7,6),(7,7),(7,9),(7,10),(7,18),(8,0),(8,4),(8,10),(8,12),(8,13),(8,15),(8,16),(8,18),(9,0),(9,10),(9,12),(9,16),(9,18),(10,0),(10,1),(10,2),(10,3),(10,4),(10,5),(10,8),(10,9),(10,10),(10,18),(11,5),(11,6),(11,7),(11,8),(11,10),(11,12),(11,16),(11,18),(12,10),(12,12),(12,13),(12,14),(12,16),(12,18),(13,10),(13,18),(14,10),(14,11),(14,12),(14,13),(14,14),(14,15),(14,16),(14,17),(14,18)]
	Targets:[(9,13),(9,14),(9,15),(10,13),(10,14),(10,15),(11,13),(11,14),(11,15)]
	Player:(3,9)
	Boxes:[(3,8),(4,3),(4,7),(5,8),(5,13),(6,13),(7,11),(8,3),(8,7)]

ID:630F1AF4D47E41062B767BC44DBFD957
	Rows:14
	Colums:16
	Walls:[(0,1),(0,2),(0,3),(0,4),(0,5),(0,7),(0,8),(0,9),(0,10),(1,0),(1,4),(1,6),(1,9),(1,10),(1,11),(1,12),(2,0),(2,4),(2,5),(2,6),(2,12),(3,0),(3,5),(3,6),(3,12),(3,13),(3,14),(4,0),(4,1),(4,6),(4,7),(4,14),(5,0),(5,1),(5,2),(5,7),(5,8),(5,14),(6,0),(6,2),(6,3),(6,8),(6,14),(7,0),(7,3),(7,4),(7,6),(7,8),(7,9),(7,10),(7,12),(7,13),(7,14),(7,15),(8,0),(8,4),(8,6),(8,15),(9,0),(9,15),(10,0),(10,4),(10,13),(10,14),(10,15),(11,0),(11,3),(11,4),(11,5),(11,6),(11,7),(11,8),(11,11),(11,12),(11,13),(12,0),(12,2),(12,3),(12,8),(12,9),(12,10),(12,11),(13,0),(13,1),(13,2)]
	Targets:[(1,1),(1,2),(1,3),(2,1),(2,2),(2,3),(3,1),(3,2),(3,3),(3,4),(4,2),(4,3),(4,4),(4,5),(5,3),(5,4),(5,5)]
	Player:(9,5)
	Boxes:[(2,9),(3,8),(3,11),(4,11),(5,10),(5,12),(6,11),(8,2),(8,7),(8,10),(9,3),(9,7),(9,12),(10,6),(10,8),(10,9),(10,11)]

ID:67D67FFF973AA45C80D000574C8811A5
	Rows:16
	Colums:14
	Walls:[(0,1),(0,2),(0,3),(0,4),(0,5),(0,6),(0,7),(0,8),(0,9),(0,10),(1,0),(1,9),(1,10),(1,11),(1,12),(2,0),(2,2),(2,3),(2,4),(2,5),(2,6),(2,7),(2,9),(2,12),(2,13),(3,0),(3,2),(3,13),(4,0),(4,8),(4,13),(5,0),(5,1),(5,2),(5,8),(5,11),(5,12),(5,13),(6,2),(6,5),(6,6),(6,8),(6,11),(6,12),(7,2),(7,3),(7,5),(7,12),(8,3),(8,10),(8,11),(8,12),(9,3),(9,5),(9,12),(10,3),(10,5),(10,6),(10,10),(10,12),(11,2),(11,3),(11,6),(11,7),(11,8),(11,9),(11,10),(11,12),(12,2),(12,12),(13,2),(13,10),(13,11),(13,12),(14,2),(14,10),(15,2),(15,3),(15,4),(15,5),(15,6),(15,7),(15,8),(15,9),(15,10)]
	Targets:[(13,3),(13,4),(13,5),(13,6),(13,7),(13,8),(13,9),(14,3),(14,4),(14,5),(14,6),(14,7),(14,8),(14,9)]
	Player:(7,11)
	Boxes:[(3,4),(3,6),(3,8),(3,11),(4,9),(5,3),(5,6),(5,7),(6,10),(7,4),(7,9),(8,6),(8,8),(9,9)]

ID:F088BFEB329C7E4907C6C37D2C8C7A56
	Rows:11
	Colums:18
	Walls:[(0,10),(0,11),(0,12),(0,13),(1,1),(1,2),(1,3),(1,4),(1,5),(1,6),(1,7),(1,8),(1,9),(1,12),(1,13),(2,0),(2,1),(2,13),(2,14),(2,15),(2,16),(2,17),(3,0),(3,4),(3,5),(3,7),(3,8),(3,12),(3,13),(3,17),(4,0),(4,2),(4,10),(4,12),(4,13),(4,17),(5,0),(5,2),(5,10),(5,17),(6,0),(6,4),(6,6),(6,7),(6,8),(6,17),(7,0),(7,11),(7,12),(7,17),(8,0),(8,1),(8,2),(8,11),(8,12),(8,13),(8,14),(8,15),(8,16),(8,17),(9,2),(9,5),(9,6),(9,7),(9,8),(9,9),(9,10),(9,11),(10,2),(10,3),(10,4),(10,5)]
	Targets:[(3,14),(3,15),(3,16),(4,14),(4,15),(4,16),(5,14),(5,15),(5,16),(6,14),(6,15),(6,16),(7,13),(7,14),(7,15),(7,16)]
	Player:(5,6)
	Boxes:[(2,4),(2,11),(4,3),(4,4),(4,6),(4,8),(4,9),(4,11),(6,3),(6,9),(6,10),(7,2),(7,5),(7,6),(7,9),(8,3)]

ID:C90BE9F24C2B7AB3492E12105FE6E392
	Rows:16
	Colums:13
	Walls:[(0,3),(0,4),(0,5),(0,6),(0,7),(0,8),(0,9),(0,10),(0,11),(1,2),(1,6),(1,10),(2,2),(2,10),(3,2),(3,10),(4,2),(4,10),(5,2),(5,10),(6,2),(6,3),(6,4),(6,8),(6,9),(6,10),(7,4),(7,8),(8,0),(8,1),(8,2),(8,3),(8,4),(8,5),(8,7),(8,8),(8,9),(8,10),(8,11),(8,12),(9,0),(9,12),(10,0),(10,12),(11,0),(11,1),(11,11),(11,12),(12,1),(12,11),(13,1),(13,11),(14,1),(14,4),(14,5),(14,6),(14,7),(14,8),(14,11),(15,1),(15,2),(15,3),(15,4),(15,8),(15,9),(15,10),(15,11)]
	Targets:[(1,3),(1,4),(1,5),(1,7),(1,8),(1,9),(2,3),(2,4),(2,5),(2,6),(2,7),(2,8),(2,9),(3,3),(3,4),(3,5),(3,6),(3,7),(3,8),(3,9),(4,3),(4,4),(4,5),(4,6),(4,7),(4,8),(4,9),(5,3),(5,4),(5,5),(5,6),(5,7),(5,8),(5,9)]
	Player:(13,6)
	Boxes:[(1,3),(1,5),(1,7),(1,9),(2,4),(2,6),(2,8),(3,3),(3,5),(3,7),(3,9),(4,4),(4,6),(4,8),(5,3),(5,5),(5,7),(5,9),(10,2),(10,4),(10,6),(10,8),(10,10),(11,3),(11,5),(11,7),(11,9),(12,2),(12,4),(12,6),(12,8),(12,10),(13,5),(13,7)]

ID:3C9F12C666EB69583EF64BA85F78600B
	Rows:15
	Colums:16
	Walls:[(0,8),(0,9),(0,10),(0,11),(1,7),(1,10),(1,11),(2,7),(2,11),(2,12),(3,7),(3,12),(3,13),(4,5),(4,6),(4,7),(4,13),(4,14),(5,2),(5,3),(5,4),(5,5),(5,14),(6,0),(6,1),(6,2),(6,5),(6,7),(6,8),(6,9),(6,10),(6,11),(6,14),(7,0),(7,5),(7,7),(7,14),(8,0),(8,2),(8,12),(8,14),(9,0),(9,5),(9,7),(9,12),(9,14),(10,0),(10,1),(10,2),(10,5),(10,6),(10,7),(10,8),(10,10),(10,11),(10,12),(10,14),(11,2),(11,3),(11,4),(11,5),(11,11),(11,12),(11,14),(11,15),(12,5),(12,6),(12,7),(12,15),(13,7),(13,10),(13,11),(13,15),(14,7),(14,8),(14,9),(14,10),(14,11),(14,12),(14,13),(14,14),(14,15)]
	Targets:[(7,8),(7,9),(7,10),(7,11),(8,8),(8,9),(8,10),(8,11),(9,8),(9,9),(9,10),(9,11)]
	Player:(11,7)
	Boxes:[(3,9),(3,10),(4,8),(4,11),(5,10),(7,12),(8,6),(9,3),(9,9),(11,8),(11,13),(12,9)]

ID:A35CFA313AD14B1BAA3E2396E5DA51E3
	Rows:16
	Colums:19
	Walls:[(0,7),(0,8),(0,9),(0,10),(0,11),(0,12),(0,13),(0,14),(0,15),(0,16),(0,17),(0,18),(1,5),(1,6),(1,13),(1,17),(2,4),(2,5),(2,17),(3,3),(3,4),(3,9),(3,11),(3,13),(3,16),(3,17),(4,3),(4,8),(4,10),(4,12),(4,17),(5,0),(5,1),(5,2),(5,3),(5,7),(5,10),(5,15),(5,17),(6,0),(6,3),(6,4),(6,6),(6,17),(7,0),(7,7),(7,8),(7,9),(7,12),(7,14),(7,16),(7,17),(8,0),(8,10),(8,12),(8,16),(9,0),(9,1),(9,2),(9,8),(9,10),(9,12),(9,14),(9,16),(10,2),(10,10),(10,12),(10,14),(10,15),(10,16),(10,17),(10,18),(11,2),(11,5),(11,7),(11,8),(11,9),(11,10),(11,11),(11,18),(12,2),(12,7),(12,11),(12,15),(12,18),(13,2),(13,5),(13,6),(13,7),(13,11),(13,12),(13,18),(14,2),(14,5),(14,12),(14,17),(14,18),(15,2),(15,3),(15,4),(15,5),(15,12),(15,13),(15,14),(15,15),(15,16),(15,17)]
	Targets:[(1,7),(1,8),(2,6),(2,7),(2,8),(3,5),(3,6),(3,7),(3,8),(4,4),(4,5),(4,6),(4,7),(5,4),(5,5),(5,6)]
	Player:(7,2)
	Boxes:[(2,8),(2,10),(2,15),(3,7),(3,14),(4,6),(4,14),(7,3),(7,5),(8,2),(8,6),(9,3),(9,4),(10,6),(11,4),(12,3)]

ID:61C41405DC3F6B39CCE803629BE28215
	Rows:16
	Colums:19
	Walls:[(0,7),(0,8),(0,9),(0,10),(0,11),(0,12),(0,13),(0,14),(0,15),(0,16),(0,17),(0,18),(1,5),(1,6),(1,13),(1,17),(2,4),(2,5),(2,17),(3,3),(3,4),(3,9),(3,11),(3,13),(3,16),(3,17),(4,3),(4,8),(4,10),(4,12),(4,17),(5,0),(5,1),(5,2),(5,3),(5,7),(5,10),(5,15),(5,17),(6,0),(6,3),(6,4),(6,6),(6,17),(7,0),(7,7),(7,8),(7,9),(7,12),(7,16),(7,17),(8,0),(8,10),(8,12),(8,16),(9,0),(9,1),(9,2),(9,8),(9,10),(9,12),(9,14),(9,16),(10,2),(10,10),(10,12),(10,14),(10,15),(10,16),(10,17),(10,18),(11,2),(11,5),(11,7),(11,8),(11,9),(11,10),(11,11),(11,18),(12,2),(12,7),(12,11),(12,16),(12,18),(13,2),(13,5),(13,6),(13,7),(13,11),(13,12),(13,18),(14,2),(14,5),(14,12),(14,17),(14,18),(15,2),(15,3),(15,4),(15,5),(15,12),(15,13),(15,14),(15,15),(15,16),(15,17)]
	Targets:[(1,7),(1,8),(2,6),(2,7),(2,8),(3,5),(3,6),(3,7),(3,8),(4,4),(4,5),(4,6),(4,7),(5,4),(5,5),(5,6)]
	Player:(7,2)
	Boxes:[(2,8),(2,10),(2,15),(3,7),(3,15),(4,6),(4,14),(7,3),(7,5),(8,2),(8,6),(9,3),(9,4),(10,6),(11,4),(12,3)]

ID:67A946F57570FA9A0D6E95C6DDED6EFB
	Rows:12
	Colums:14
	Walls:[(0,2),(0,3),(0,4),(0,5),(0,6),(0,7),(0,8),(0,9),(0,10),(1,1),(1,9),(2,1),(2,9),(3,0),(3,1),(3,2),(3,4),(3,9),(4,0),(4,2),(4,9),(4,10),(5,0),(5,2),(5,3),(5,4),(5,10),(6,0),(6,2),(6,7),(6,8),(6,10),(6,11),(6,12),(6,13),(7,0),(7,7),(7,8),(7,13),(8,0),(8,13),(9,0),(9,3),(9,4),(9,5),(9,7),(9,8),(9,9),(9,11),(9,13),(10,0),(10,3),(10,5),(10,11),(10,12),(10,13),(11,0),(11,1),(11,2),(11,3),(11,5),(11,6),(11,7),(11,8),(11,9),(11,10),(11,11)]
	Targets:[(4,1),(5,1),(6,1),(6,3),(7,1),(7,2),(7,3),(8,1),(8,2),(8,3),(9,1),(9,2),(10,1),(10,2)]
	Player:(9,12)
	Boxes:[(2,3),(2,5),(2,6),(2,8),(3,7),(4,6),(4,7),(5,8),(6,5),(7,6),(7,10),(8,4),(8,8),(9,6)]

ID:5C6598B5E98F53E8BC791B8A0044D388
	Rows:17
	Colums:20
	Walls:[(0,12),(0,13),(0,14),(0,15),(0,16),(0,17),(0,18),(0,19),(1,11),(1,18),(2,3),(2,4),(2,5),(2,6),(2,11),(2,18),(3,3),(3,6),(3,7),(3,8),(3,9),(3,10),(3,11),(3,12),(3,13),(3,14),(3,18),(4,3),(4,14),(4,18),(5,3),(5,6),(5,8),(5,10),(5,12),(5,14),(5,18),(6,0),(6,1),(6,2),(6,3),(6,4),(6,6),(6,8),(6,10),(6,12),(6,14),(6,18),(7,0),(7,4),(7,6),(7,7),(7,8),(7,10),(7,11),(7,12),(7,14),(7,15),(7,17),(7,18),(8,0),(8,7),(8,15),(8,17),(9,0),(9,11),(9,17),(10,0),(10,4),(10,6),(10,7),(10,8),(10,10),(10,11),(10,12),(10,14),(10,15),(10,17),(11,0),(11,1),(11,2),(11,4),(11,11),(11,17),(12,1),(12,2),(12,7),(12,15),(12,16),(12,17),(13,1),(13,4),(13,6),(13,7),(13,8),(13,10),(13,11),(13,12),(13,14),(13,15),(14,1),(14,14),(15,1),(15,4),(15,5),(15,6),(15,7),(15,8),(15,9),(15,10),(15,11),(15,12),(15,13),(15,14),(16,1),(16,2),(16,3),(16,4)]
	Targets:[(1,12),(1,13),(1,14),(1,15),(1,16),(1,17),(2,12),(2,13),(2,14),(2,15),(2,16),(2,17),(3,15),(3,16),(3,17),(4,15),(4,16),(4,17)]
	Player:(6,11)
	Boxes:[(4,5),(4,9),(8,5),(8,9),(8,11),(8,13),(9,2),(9,3),(9,4),(9,7),(10,9),(10,13),(11,7),(12,4),(12,9),(12,11),(12,13),(14,3)]

ID:046FA8DCFE925DBC3F1EB9D1FCB3216A
	Rows:12
	Colums:21
	Walls:[(0,1),(0,2),(0,3),(0,4),(0,5),(0,6),(0,7),(0,8),(0,9),(0,10),(0,11),(0,12),(0,13),(0,14),(0,15),(0,16),(0,17),(0,18),(0,19),(0,20),(1,0),(1,17),(1,18),(1,19),(2,0),(2,3),(2,9),(2,10),(2,18),(2,19),(3,0),(3,6),(3,7),(3,8),(3,13),(3,18),(3,19),(4,0),(4,2),(4,3),(4,4),(4,14),(4,15),(4,18),(4,19),(5,0),(5,4),(5,7),(5,10),(5,15),(5,19),(6,0),(6,3),(6,4),(6,7),(6,8),(6,9),(6,10),(6,15),(6,19),(7,0),(7,4),(7,13),(7,14),(7,17),(7,18),(7,19),(8,0),(8,7),(8,8),(8,9),(8,12),(8,17),(8,19),(9,0),(9,1),(9,7),(9,10),(9,11),(9,15),(9,16),(9,19),(10,0),(10,1),(10,2),(10,4),(10,19),(11,0),(11,1),(11,2),(11,3),(11,4),(11,5),(11,6),(11,7),(11,8),(11,9),(11,10),(11,11),(11,12),(11,13),(11,14),(11,15),(11,16),(11,17),(11,18),(11,19)]
	Targets:[(4,1),(5,1),(5,2),(5,3),(6,1),(6,2),(7,1),(7,2),(7,3),(8,1),(8,2),(8,3),(9,2),(9,3),(10,3)]
	Player:(9,17)
	Boxes:[(2,2),(2,7),(2,13),(3,5),(3,15),(3,16),(4,10),(4,12),(5,16),(6,5),(6,6),(6,12),(7,11),(8,4),(9,6)]

ID:3C14AE7E23FC9B47D2CD5116BC26CB58
	Rows:12
	Colums:21
	Walls:[(0,1),(0,2),(0,3),(0,4),(0,5),(0,6),(0,7),(0,8),(0,9),(0,10),(0,11),(0,12),(0,13),(0,14),(0,15),(0,16),(0,17),(0,18),(0,19),(0,20),(1,0),(1,4),(1,9),(1,13),(1,17),(1,19),(2,0),(2,17),(2,19),(3,0),(3,1),(3,3),(3,4),(3,5),(3,8),(3,9),(3,11),(3,12),(3,13),(3,19),(4,0),(4,4),(4,9),(4,11),(4,15),(4,16),(4,17),(4,19),(5,0),(5,4),(5,9),(5,19),(6,0),(6,4),(6,9),(6,11),(6,13),(6,19),(7,0),(7,4),(7,5),(7,8),(7,9),(7,13),(7,15),(7,19),(8,0),(8,1),(8,3),(8,4),(8,9),(8,10),(8,13),(8,16),(8,18),(8,19),(9,0),(9,13),(9,16),(9,19),(10,0),(10,4),(10,9),(10,13),(10,19),(11,0),(11,1),(11,2),(11,3),(11,4),(11,5),(11,6),(11,7),(11,8),(11,9),(11,10),(11,11),(11,12),(11,13),(11,14),(11,15),(11,16),(11,17),(11,18),(11,19)]
	Targets:[(3,6),(3,7),(4,5),(4,6),(4,7),(4,8),(5,5),(5,6),(5,7),(5,8),(6,5),(6,6),(6,7),(6,8),(7,6),(7,7)]
	Player:(1,18)
	Boxes:[(2,2),(2,9),(2,13),(4,10),(4,14),(5,2),(5,12),(5,15),(5,17),(6,15),(6,17),(7,14),(8,2),(8,17),(9,4),(9,7)]

ID:D2AF1DEBC474E9606C505A9A9987F840
	Rows:12
	Colums:21
	Walls:[(0,1),(0,2),(0,3),(0,4),(0,5),(0,6),(0,7),(0,8),(0,9),(0,10),(0,11),(0,12),(0,13),(0,14),(0,15),(0,16),(0,17),(0,18),(0,19),(0,20),(1,0),(1,6),(1,7),(1,14),(1,18),(1,19),(2,0),(2,5),(2,6),(2,18),(2,19),(3,0),(3,3),(3,4),(3,5),(3,10),(3,12),(3,14),(3,17),(3,18),(3,19),(4,0),(4,4),(4,9),(4,11),(4,13),(4,19),(5,0),(5,1),(5,2),(5,4),(5,8),(5,11),(5,19),(6,0),(6,1),(6,4),(6,5),(6,7),(6,19),(7,0),(7,1),(7,8),(7,9),(7,10),(7,13),(7,15),(7,17),(7,18),(7,19),(8,0),(8,1),(8,11),(8,13),(8,19),(9,0),(9,1),(9,2),(9,3),(9,9),(9,11),(9,13),(9,15),(9,19),(10,0),(10,1),(10,2),(10,3),(10,13),(10,15),(10,18),(10,19),(11,0),(11,1),(11,2),(11,3),(11,4),(11,5),(11,6),(11,7),(11,8),(11,9),(11,10),(11,11),(11,12),(11,13),(11,14),(11,15),(11,16),(11,17),(11,18),(11,19)]
	Targets:[(3,6),(3,7),(3,8),(3,9),(4,5),(4,6),(4,7),(4,8),(5,5),(5,6),(5,7),(6,6)]
	Player:(1,5)
	Boxes:[(2,11),(2,16),(4,15),(6,13),(6,17),(7,4),(7,6),(8,3),(8,15),(9,5),(9,8),(9,17)]

ID:BADB7035BF5E1381E47B1581F746CA54
	Rows:12
	Colums:21
	Walls:[(0,1),(0,2),(0,3),(0,4),(0,5),(0,6),(0,7),(0,8),(0,9),(0,10),(0,11),(0,12),(0,13),(0,14),(0,15),(0,16),(0,17),(0,18),(0,19),(0,20),(1,0),(1,3),(1,6),(1,7),(1,12),(1,17),(1,18),(1,19),(2,0),(2,1),(2,11),(2,14),(2,15),(2,16),(2,19),(3,0),(3,1),(3,3),(3,7),(3,8),(3,10),(3,19),(4,0),(4,5),(4,17),(4,18),(4,19),(5,0),(5,2),(5,3),(5,9),(5,10),(5,11),(5,14),(5,19),(6,0),(6,2),(6,5),(6,7),(6,9),(6,11),(6,13),(6,18),(6,19),(7,0),(7,9),(7,12),(7,17),(7,18),(7,19),(8,0),(8,1),(8,4),(8,5),(8,6),(8,11),(8,16),(8,17),(8,18),(8,19),(9,0),(9,3),(9,14),(9,15),(9,16),(9,17),(9,18),(9,19),(10,0),(10,7),(10,9),(10,14),(10,15),(10,16),(10,17),(10,18),(10,19),(11,0),(11,1),(11,2),(11,3),(11,4),(11,5),(11,6),(11,7),(11,8),(11,9),(11,10),(11,11),(11,12),(11,13),(11,14),(11,15),(11,16),(11,17),(11,18),(11,19)]
	Targets:[(5,15),(5,16),(5,17),(5,18),(6,14),(6,15),(6,16),(6,17),(7,13),(7,14),(7,15),(7,16),(8,12),(8,13),(8,14),(8,15)]
	Player:(1,16)
	Boxes:[(2,6),(2,13),(3,2),(3,5),(3,9),(3,12),(3,14),(4,4),(4,10),(5,7),(6,4),(7,5),(7,7),(8,2),(8,9),(9,5)]

ID:B6F986AD154437C89D17B978B40C3177
	Rows:12
	Colums:21
	Walls:[(0,1),(0,2),(0,3),(0,4),(0,5),(0,6),(0,7),(0,8),(0,9),(0,10),(0,11),(0,12),(0,13),(0,14),(0,15),(0,16),(0,17),(0,18),(0,19),(0,20),(1,0),(1,7),(1,8),(1,9),(1,13),(1,16),(1,19),(2,0),(2,2),(2,4),(2,7),(2,19),(3,0),(3,1),(3,2),(3,3),(3,4),(3,10),(3,15),(3,17),(3,19),(4,0),(4,2),(4,5),(4,10),(4,11),(4,19),(5,0),(5,14),(5,18),(5,19),(6,0),(6,10),(6,11),(6,12),(6,14),(6,15),(6,17),(6,18),(6,19),(7,0),(7,2),(7,5),(7,15),(7,19),(8,0),(8,1),(8,2),(8,3),(8,4),(8,10),(8,13),(8,19),(9,0),(9,1),(9,2),(9,3),(9,4),(9,7),(9,19),(10,0),(10,1),(10,2),(10,3),(10,4),(10,7),(10,10),(10,13),(10,16),(10,19),(11,0),(11,1),(11,2),(11,3),(11,4),(11,5),(11,6),(11,7),(11,8),(11,9),(11,10),(11,11),(11,12),(11,13),(11,14),(11,15),(11,16),(11,17),(11,18),(11,19)]
	Targets:[(4,1),(4,3),(4,4),(5,1),(5,2),(5,3),(5,4),(5,5),(6,1),(6,2),(6,3),(6,4),(6,5),(7,1),(7,3),(7,4)]
	Player:(1,1)
	Boxes:[(2,10),(2,13),(3,12),(3,14),(3,16),(4,12),(4,14),(5,10),(6,13),(6,16),(7,10),(8,14),(8,17),(9,10),(9,15),(9,17)]

ID:F4A7D7764FA029A705462C3A8FBFD81D
	Rows:12
	Colums:21
	Walls:[(0,1),(0,2),(0,3),(0,4),(0,5),(0,6),(0,7),(0,8),(0,9),(0,10),(0,11),(0,12),(0,13),(0,14),(0,15),(0,16),(0,17),(0,18),(0,19),(0,20),(1,0),(1,1),(1,8),(1,9),(1,11),(1,16),(1,19),(2,0),(2,16),(2,17),(2,19),(3,0),(3,5),(3,7),(3,9),(3,11),(3,12),(3,13),(3,19),(4,0),(4,4),(4,9),(4,17),(4,19),(5,0),(5,1),(5,3),(5,6),(5,9),(5,16),(5,17),(5,19),(6,0),(6,3),(6,6),(6,12),(6,13),(6,14),(6,19),(7,0),(7,11),(7,14),(7,16),(7,17),(7,19),(8,0),(8,1),(8,3),(8,5),(8,6),(8,8),(8,11),(8,14),(8,17),(8,19),(9,0),(9,3),(9,11),(9,18),(9,19),(10,0),(10,5),(10,11),(10,14),(10,19),(11,0),(11,1),(11,2),(11,3),(11,4),(11,5),(11,6),(11,7),(11,8),(11,9),(11,10),(11,11),(11,12),(11,13),(11,14),(11,15),(11,16),(11,17),(11,18),(11,19)]
	Targets:[(1,2),(1,3),(1,4),(2,1),(2,2),(2,3),(2,4),(3,1),(3,2),(3,3),(3,4),(4,1),(4,2),(4,3),(5,2)]
	Player:(10,18)
	Boxes:[(2,14),(3,10),(3,14),(5,7),(5,15),(6,8),(6,10),(6,17),(7,6),(7,9),(8,9),(8,10),(8,13),(9,7),(9,9)]

ID:9D40B227F2BFF040AC72C241D0216A5C
	Rows:12
	Colums:21
	Walls:[(0,1),(0,2),(0,3),(0,4),(0,5),(0,6),(0,7),(0,8),(0,9),(0,10),(0,11),(0,12),(0,13),(0,14),(0,15),(0,16),(0,17),(0,18),(0,19),(0,20),(1,0),(1,4),(1,7),(1,9),(1,11),(1,12),(1,15),(1,16),(1,17),(1,18),(1,19),(2,0),(2,2),(2,4),(2,15),(2,16),(2,17),(2,18),(2,19),(3,0),(3,2),(3,7),(3,8),(3,9),(3,10),(3,11),(3,12),(3,17),(3,18),(3,19),(4,0),(4,4),(4,7),(4,12),(4,19),(5,0),(5,1),(5,3),(5,4),(5,6),(5,7),(5,12),(5,19),(6,0),(6,7),(6,12),(6,13),(6,15),(6,16),(6,18),(6,19),(7,0),(7,7),(7,12),(7,19),(8,0),(8,8),(8,11),(8,14),(8,15),(8,16),(8,19),(9,0),(9,1),(9,2),(9,3),(9,4),(9,19),(10,0),(10,1),(10,2),(10,3),(10,4),(10,6),(10,11),(10,14),(10,18),(10,19),(11,0),(11,1),(11,2),(11,3),(11,4),(11,5),(11,6),(11,7),(11,8),(11,9),(11,10),(11,11),(11,12),(11,13),(11,14),(11,15),(11,16),(11,17),(11,18),(11,19)]
	Targets:[(4,8),(4,9),(4,10),(4,11),(5,8),(5,9),(5,10),(5,11),(6,8),(6,9),(6,10),(6,11),(7,8),(7,9),(7,10),(7,11)]
	Player:(1,8)
	Boxes:[(2,7),(2,12),(3,14),(4,15),(4,16),(5,2),(5,5),(6,14),(6,17),(7,3),(7,4),(8,2),(8,5),(9,7),(9,11),(9,16)]

ID:D65D114E2A6948FADE0FE03AE9F2C89B
	Rows:12
	Colums:21
	Walls:[(0,1),(0,2),(0,3),(0,4),(0,5),(0,6),(0,7),(0,8),(0,9),(0,10),(0,11),(0,12),(0,13),(0,14),(0,15),(0,16),(0,17),(0,18),(0,19),(0,20),(1,0),(1,2),(1,8),(1,19),(2,0),(2,11),(2,12),(2,14),(2,15),(2,16),(2,18),(2,19),(3,0),(3,1),(3,2),(3,3),(3,4),(3,7),(3,8),(3,19),(4,0),(4,1),(4,4),(4,5),(4,8),(4,10),(4,14),(4,16),(4,19),(5,0),(5,13),(5,14),(5,16),(5,18),(5,19),(6,0),(6,8),(6,9),(6,10),(6,11),(6,12),(6,16),(6,18),(6,19),(7,0),(7,1),(7,4),(7,6),(7,9),(7,13),(7,19),(8,0),(8,1),(8,2),(8,4),(8,6),(8,16),(8,19),(9,0),(9,1),(9,9),(9,13),(9,16),(9,17),(9,18),(9,19),(10,0),(10,1),(10,9),(10,10),(10,11),(10,12),(10,13),(10,14),(10,15),(10,16),(10,17),(10,18),(10,19),(11,0),(11,1),(11,2),(11,3),(11,4),(11,5),(11,6),(11,7),(11,8),(11,9),(11,10),(11,11),(11,12),(11,13),(11,14),(11,15),(11,16),(11,17),(11,18),(11,19)]
	Targets:[(4,2),(4,3),(5,1),(5,2),(5,3),(5,4),(6,1),(6,2),(6,3),(6,4),(7,2),(7,3),(8,3)]
	Player:(8,18)
	Boxes:[(2,8),(3,12),(3,15),(4,12),(5,7),(5,15),(6,7),(6,17),(7,16),(8,9),(8,13),(9,4),(9,7)]

ID:7DC7794D88670DEFB85E1484A48E7CCA
	Rows:12
	Colums:21
	Walls:[(0,1),(0,2),(0,3),(0,4),(0,5),(0,6),(0,7),(0,8),(0,9),(0,10),(0,11),(0,12),(0,13),(0,14),(0,15),(0,16),(0,17),(0,18),(0,19),(0,20),(1,0),(1,6),(1,7),(1,8),(1,11),(1,12),(1,13),(1,19),(2,0),(2,6),(2,7),(2,8),(2,11),(2,12),(2,13),(2,19),(3,0),(3,3),(3,5),(3,6),(3,13),(3,19),(4,0),(4,6),(4,13),(4,19),(5,0),(5,1),(5,2),(5,3),(5,6),(5,7),(5,8),(5,11),(5,12),(5,13),(5,14),(5,15),(5,16),(5,19),(6,0),(6,8),(6,11),(6,16),(6,19),(7,0),(7,3),(7,16),(7,19),(8,0),(8,3),(8,6),(8,7),(8,12),(8,13),(8,16),(8,19),(9,0),(9,9),(9,10),(9,19),(10,0),(10,3),(10,6),(10,7),(10,12),(10,13),(10,16),(10,19),(11,0),(11,1),(11,2),(11,3),(11,4),(11,5),(11,6),(11,7),(11,8),(11,9),(11,10),(11,11),(11,12),(11,13),(11,14),(11,15),(11,16),(11,17),(11,18),(11,19)]
	Targets:[(1,9),(1,10),(2,9),(2,10),(3,7),(3,8),(3,9),(3,10),(3,11),(3,12),(4,7),(4,8),(4,9),(4,10),(4,11),(4,12),(5,9),(5,10),(6,9),(6,10)]
	Player:(2,17)
	Boxes:[(2,2),(2,3),(2,16),(3,16),(4,16),(5,17),(6,4),(6,5),(6,6),(7,2),(7,7),(7,10),(7,13),(7,14),(7,17),(8,9),(9,2),(9,7),(9,12),(9,17)]

ID:91D27DBD73AD9E86D12B3C9B18D73D9E
	Rows:12
	Colums:21
	Walls:[(0,1),(0,2),(0,3),(0,4),(0,5),(0,6),(0,7),(0,8),(0,9),(0,10),(0,11),(0,12),(0,13),(0,14),(0,15),(0,16),(0,17),(0,18),(0,19),(0,20),(1,0),(1,5),(1,8),(1,10),(1,13),(1,16),(1,19),(2,0),(2,3),(2,5),(2,7),(2,8),(2,18),(2,19),(3,0),(3,1),(3,2),(3,3),(3,5),(3,10),(3,13),(3,19),(4,0),(4,5),(4,7),(4,8),(4,10),(4,13),(4,14),(4,16),(4,17),(4,19),(5,0),(5,19),(6,0),(6,3),(6,4),(6,5),(6,8),(6,9),(6,12),(6,13),(6,16),(6,17),(6,19),(7,0),(7,3),(7,5),(7,8),(7,16),(7,19),(8,0),(8,5),(8,12),(8,13),(8,16),(8,17),(8,18),(8,19),(9,0),(9,5),(9,8),(9,9),(9,10),(9,11),(9,12),(9,19),(10,0),(10,4),(10,5),(10,6),(10,15),(10,16),(10,19),(11,0),(11,1),(11,2),(11,3),(11,4),(11,5),(11,6),(11,7),(11,8),(11,9),(11,10),(11,11),(11,12),(11,13),(11,14),(11,15),(11,16),(11,17),(11,18),(11,19)]
	Targets:[(6,1),(6,2),(7,1),(7,2),(7,4),(8,1),(8,2),(8,3),(8,4),(9,1),(9,2),(9,3),(9,4),(10,1),(10,2),(10,3)]
	Player:(2,2)
	Boxes:[(2,10),(2,14),(3,15),(4,11),(5,7),(5,11),(5,15),(6,6),(6,7),(6,11),(6,14),(7,10),(7,14),(8,7),(8,8),(8,14)]

ID:0EACF412D627F9C69751119ED0814512
	Rows:12
	Colums:21
	Walls:[(0,1),(0,2),(0,3),(0,4),(0,5),(0,6),(0,7),(0,8),(0,9),(0,10),(0,11),(0,12),(0,13),(0,14),(0,15),(0,16),(0,17),(0,18),(0,19),(0,20),(1,0),(1,5),(1,13),(1,16),(1,19),(2,0),(2,5),(2,7),(2,19),(3,0),(3,6),(3,7),(3,11),(3,13),(3,16),(3,19),(4,0),(4,4),(4,13),(4,19),(5,0),(5,3),(5,4),(5,5),(5,6),(5,9),(5,19),(6,0),(6,7),(6,8),(6,9),(6,10),(6,12),(6,13),(6,14),(6,15),(6,17),(6,18),(6,19),(7,0),(7,9),(7,13),(7,19),(8,0),(8,2),(8,3),(8,7),(8,13),(8,19),(9,0),(9,2),(9,3),(9,10),(9,11),(9,19),(10,0),(10,7),(10,13),(10,17),(10,19),(11,0),(11,1),(11,2),(11,3),(11,4),(11,5),(11,6),(11,7),(11,8),(11,9),(11,10),(11,11),(11,12),(11,13),(11,14),(11,15),(11,16),(11,17),(11,18),(11,19)]
	Targets:[(1,1),(1,2),(1,3),(1,4),(2,1),(2,2),(2,3),(2,4),(3,1),(3,2),(3,3),(3,4),(4,1),(4,2),(4,3),(5,1),(5,2)]
	Player:(10,6)
	Boxes:[(2,9),(2,12),(3,10),(3,15),(3,17),(4,8),(4,12),(4,16),(5,11),(5,15),(5,16),(8,11),(8,15),(8,17),(9,8),(9,13),(9,16)]

ID:043C5E240B2A0931C53EE8E2C4D985F1
	Rows:12
	Colums:21
	Walls:[(0,1),(0,2),(0,3),(0,4),(0,5),(0,6),(0,7),(0,8),(0,9),(0,10),(0,11),(0,12),(0,13),(0,14),(0,15),(0,16),(0,17),(0,18),(0,19),(0,20),(1,0),(1,5),(1,6),(1,7),(1,19),(2,0),(2,5),(2,6),(2,7),(2,8),(2,9),(2,11),(2,14),(2,16),(2,18),(2,19),(3,0),(3,5),(3,6),(3,7),(3,11),(3,19),(4,0),(4,5),(4,6),(4,7),(4,15),(4,18),(4,19),(5,0),(5,1),(5,4),(5,5),(5,6),(5,7),(5,10),(5,13),(5,19),(6,0),(6,1),(6,4),(6,5),(6,6),(6,7),(6,16),(6,19),(7,0),(7,4),(7,5),(7,6),(7,7),(7,9),(7,10),(7,11),(7,13),(7,14),(7,19),(8,0),(8,1),(8,10),(8,13),(8,19),(9,0),(9,1),(9,5),(9,6),(9,7),(9,10),(9,16),(9,17),(9,18),(9,19),(10,0),(10,1),(10,2),(10,3),(10,4),(10,5),(10,6),(10,7),(10,10),(10,13),(10,19),(11,0),(11,1),(11,2),(11,3),(11,4),(11,5),(11,6),(11,7),(11,8),(11,9),(11,10),(11,11),(11,12),(11,13),(11,14),(11,15),(11,16),(11,17),(11,18),(11,19)]
	Targets:[(1,1),(1,2),(1,3),(1,4),(2,1),(2,2),(2,3),(2,4),(3,1),(3,2),(3,3),(3,4),(4,1),(4,2),(4,3),(4,4)]
	Player:(7,1)
	Boxes:[(2,15),(3,12),(3,15),(4,12),(4,16),(4,17),(5,9),(5,14),(5,16),(6,10),(6,13),(7,8),(7,12),(7,16),(8,16),(9,13)]

ID:679DBC8232DAD749035A3A637483C38D
	Rows:12
	Colums:21
	Walls:[(0,1),(0,2),(0,3),(0,4),(0,5),(0,6),(0,7),(0,8),(0,9),(0,10),(0,11),(0,12),(0,13),(0,14),(0,15),(0,16),(0,17),(0,18),(0,19),(0,20),(1,0),(1,6),(1,13),(1,17),(1,18),(1,19),(2,0),(2,6),(2,13),(2,14),(2,18),(2,19),(3,0),(3,2),(3,4),(3,6),(3,7),(3,9),(3,10),(3,12),(3,13),(3,19),(4,0),(4,6),(4,19),(5,0),(5,1),(5,2),(5,4),(5,5),(5,6),(5,12),(5,13),(5,14),(5,16),(5,17),(5,19),(6,0),(6,9),(6,14),(6,16),(6,17),(6,18),(6,19),(7,0),(7,6),(7,9),(7,10),(7,11),(7,14),(7,16),(7,19),(8,0),(8,1),(8,3),(8,5),(8,6),(8,19),(9,0),(9,6),(9,7),(9,11),(9,14),(9,16),(9,19),(10,0),(10,6),(10,11),(10,14),(10,19),(11,0),(11,1),(11,2),(11,3),(11,4),(11,5),(11,6),(11,7),(11,8),(11,9),(11,10),(11,11),(11,12),(11,13),(11,14),(11,15),(11,16),(11,17),(11,18),(11,19)]
	Targets:[(1,14),(1,15),(1,16),(2,15),(2,16),(2,17),(3,15),(3,16),(3,17),(3,18),(4,15),(4,16),(4,17),(4,18),(5,18)]
	Player:(1,12)
	Boxes:[(3,8),(4,4),(4,10),(4,11),(4,12),(5,3),(5,8),(5,9),(6,6),(7,3),(8,4),(8,11),(8,14),(8,15),(9,4)]

ID:D434190202EB4B593A5A56814E493860
	Rows:12
	Colums:21
	Walls:[(0,1),(0,2),(0,3),(0,4),(0,5),(0,6),(0,7),(0,8),(0,9),(0,10),(0,11),(0,12),(0,13),(0,14),(0,15),(0,16),(0,17),(0,18),(0,19),(0,20),(1,0),(1,6),(1,9),(1,13),(1,19),(2,0),(2,2),(2,14),(2,19),(3,0),(3,6),(3,10),(3,15),(3,19),(4,0),(4,2),(4,3),(4,5),(4,6),(4,7),(4,8),(4,10),(4,11),(4,16),(4,19),(5,0),(5,9),(5,12),(5,16),(5,19),(6,0),(6,5),(6,9),(6,13),(6,19),(7,0),(7,1),(7,2),(7,8),(7,19),(8,0),(8,5),(8,8),(8,13),(8,16),(8,19),(9,0),(9,5),(9,8),(9,19),(10,0),(10,3),(10,8),(10,13),(10,16),(10,19),(11,0),(11,1),(11,2),(11,3),(11,4),(11,5),(11,6),(11,7),(11,8),(11,9),(11,10),(11,11),(11,12),(11,13),(11,14),(11,15),(11,16),(11,17),(11,18),(11,19)]
	Targets:[(1,10),(1,11),(1,12),(2,10),(2,11),(2,12),(2,13),(3,11),(3,12),(3,13),(3,14),(4,12),(4,13),(4,14),(4,15),(5,13),(5,14),(5,15)]
	Player:(1,14)
	Boxes:[(3,3),(4,4),(5,2),(5,6),(6,2),(6,3),(6,15),(6,16),(7,5),(7,6),(7,7),(7,12),(7,13),(7,16),(8,2),(8,15),(9,4),(9,16)]

ID:46DE2AD449FD2518D6A696B7C23B3B3D
	Rows:12
	Colums:21
	Walls:[(0,1),(0,2),(0,3),(0,4),(0,5),(0,6),(0,7),(0,8),(0,9),(0,10),(0,11),(0,12),(0,13),(0,14),(0,15),(0,16),(0,17),(0,18),(0,19),(0,20),(1,0),(1,1),(1,2),(1,3),(1,4),(1,6),(1,7),(1,8),(1,10),(1,11),(1,15),(1,16),(1,19),(2,0),(2,1),(2,2),(2,3),(2,4),(2,10),(2,14),(2,19),(3,0),(3,1),(3,2),(3,3),(3,14),(3,19),(4,0),(4,1),(4,2),(4,7),(4,13),(4,14),(4,16),(4,18),(4,19),(5,0),(5,1),(5,6),(5,8),(5,9),(5,10),(5,11),(5,12),(5,19),(6,0),(6,1),(6,4),(6,11),(6,12),(6,19),(7,0),(7,1),(7,4),(7,7),(7,12),(7,19),(8,0),(8,1),(8,8),(8,9),(8,10),(8,12),(8,14),(8,15),(8,19),(9,0),(9,1),(9,4),(9,18),(9,19),(10,0),(10,1),(10,2),(10,7),(10,12),(10,17),(10,18),(10,19),(11,0),(11,1),(11,2),(11,3),(11,4),(11,5),(11,6),(11,7),(11,8),(11,9),(11,10),(11,11),(11,12),(11,13),(11,14),(11,15),(11,16),(11,17),(11,18),(11,19)]
	Targets:[(1,9),(1,12),(1,13),(1,14),(2,8),(2,9),(2,11),(2,12),(2,13),(3,8),(3,9),(3,10),(3,11),(3,12),(3,13),(4,8),(4,9),(4,10),(4,11),(4,12)]
	Player:(1,5)
	Boxes:[(2,5),(3,17),(4,5),(5,4),(5,5),(5,15),(5,17),(6,3),(6,6),(6,15),(6,16),(7,14),(7,17),(8,5),(8,6),(8,13),(9,3),(9,11),(9,13),(9,16)]

ID:557987ECA13414598A8D0E3AA65A5A55
	Rows:12
	Colums:21
	Walls:[(0,1),(0,2),(0,3),(0,4),(0,5),(0,6),(0,7),(0,8),(0,9),(0,10),(0,11),(0,12),(0,13),(0,14),(0,15),(0,16),(0,17),(0,18),(0,19),(0,20),(1,0),(1,7),(1,11),(1,19),(2,0),(2,1),(2,3),(2,4),(2,5),(2,7),(2,8),(2,11),(2,12),(2,13),(2,14),(2,16),(2,18),(2,19),(3,0),(3,5),(3,7),(3,19),(4,0),(4,3),(4,5),(4,7),(4,11),(4,15),(4,16),(4,18),(4,19),(5,0),(5,8),(5,11),(5,15),(5,19),(6,0),(6,3),(6,4),(6,5),(6,8),(6,15),(6,16),(6,18),(6,19),(7,0),(7,3),(7,5),(7,9),(7,14),(7,19),(8,0),(8,3),(8,5),(8,10),(8,12),(8,13),(8,19),(9,0),(9,5),(9,6),(9,17),(9,19),(10,0),(10,6),(10,7),(10,16),(10,19),(11,0),(11,1),(11,2),(11,3),(11,4),(11,5),(11,6),(11,7),(11,8),(11,9),(11,10),(11,11),(11,12),(11,13),(11,14),(11,15),(11,16),(11,17),(11,18),(11,19)]
	Targets:[(7,1),(7,2),(7,4),(8,1),(8,2),(8,4),(9,1),(9,2),(9,3),(9,4),(10,1),(10,2),(10,3),(10,4),(10,5)]
	Player:(1,1)
	Boxes:[(3,10),(3,11),(4,9),(4,13),(5,6),(5,12),(5,13),(7,7),(7,12),(8,8),(8,15),(8,16),(9,10),(9,11),(9,14)]

ID:DD5335CAAC63D2C3788ACAB0235FC219
	Rows:12
	Colums:21
	Walls:[(0,1),(0,2),(0,3),(0,4),(0,5),(0,6),(0,7),(0,8),(0,9),(0,10),(0,11),(0,12),(0,13),(0,14),(0,15),(0,16),(0,17),(0,18),(0,19),(0,20),(1,0),(1,3),(1,10),(1,14),(1,18),(1,19),(2,0),(2,3),(2,9),(2,10),(2,19),(3,0),(3,6),(3,8),(3,9),(3,14),(3,19),(4,0),(4,2),(4,3),(4,7),(4,8),(4,13),(4,19),(5,0),(5,7),(5,12),(5,13),(5,19),(6,0),(6,3),(6,4),(6,7),(6,11),(6,19),(7,0),(7,7),(7,8),(7,10),(7,11),(7,14),(7,15),(7,16),(7,18),(7,19),(8,0),(8,2),(8,4),(8,7),(8,11),(8,14),(8,19),(9,0),(9,4),(9,10),(9,11),(9,19),(10,0),(10,5),(10,10),(10,19),(11,0),(11,1),(11,2),(11,3),(11,4),(11,5),(11,6),(11,7),(11,8),(11,9),(11,10),(11,11),(11,12),(11,13),(11,14),(11,15),(11,16),(11,17),(11,18),(11,19)]
	Targets:[(2,11),(2,12),(2,13),(3,10),(3,11),(3,12),(3,13),(4,9),(4,10),(4,11),(4,12),(5,8),(5,9),(5,10),(5,11),(6,8),(6,9),(6,10)]
	Player:(10,11)
	Boxes:[(2,2),(2,5),(2,7),(2,14),(2,17),(3,3),(3,16),(4,5),(4,17),(5,2),(5,15),(6,2),(7,4),(7,5),(7,6),(7,9),(9,2),(9,7)]

ID:ACA3C3689D280BD778389621829C2835
	Rows:12
	Colums:21
	Walls:[(0,1),(0,2),(0,3),(0,4),(0,5),(0,6),(0,7),(0,8),(0,9),(0,10),(0,11),(0,12),(0,13),(0,14),(0,15),(0,16),(0,17),(0,18),(0,19),(0,20),(1,0),(1,3),(1,6),(1,8),(1,13),(1,16),(1,19),(2,0),(2,19),(3,0),(3,1),(3,3),(3,6),(3,8),(3,9),(3,10),(3,12),(3,13),(3,16),(3,17),(3,19),(4,0),(4,13),(4,19),(5,0),(5,2),(5,3),(5,4),(5,6),(5,7),(5,9),(5,13),(5,19),(6,0),(6,2),(6,11),(6,12),(6,13),(6,14),(6,15),(6,16),(6,19),(7,0),(7,11),(7,13),(7,15),(7,19),(8,0),(8,2),(8,8),(8,11),(8,13),(8,15),(8,19),(9,0),(9,2),(9,3),(9,4),(9,5),(9,6),(9,7),(9,8),(9,9),(9,10),(9,11),(9,13),(9,19),(10,0),(10,13),(10,19),(11,0),(11,1),(11,2),(11,3),(11,4),(11,5),(11,6),(11,7),(11,8),(11,9),(11,10),(11,11),(11,12),(11,13),(11,14),(11,15),(11,16),(11,17),(11,18),(11,19)]
	Targets:[(7,14),(7,16),(7,17),(7,18),(8,14),(8,16),(8,17),(8,18),(9,14),(9,15),(9,16),(9,17),(9,18),(10,14),(10,15),(10,16),(10,17),(10,18)]
	Player:(7,12)
	Boxes:[(2,4),(2,11),(2,13),(3,7),(3,11),(4,4),(4,10),(4,16),(5,5),(5,8),(5,15),(6,6),(6,8),(6,18),(7,2),(7,5),(7,6),(7,8)]

ID:B06E0F54A606C049EA66CA7A79736052
	Rows:12
	Colums:21
	Walls:[(0,1),(0,2),(0,3),(0,4),(0,5),(0,6),(0,7),(0,8),(0,9),(0,10),(0,11),(0,12),(0,13),(0,14),(0,15),(0,16),(0,17),(0,18),(0,19),(0,20),(1,0),(1,3),(1,9),(1,12),(1,13),(1,18),(1,19),(2,0),(2,3),(2,9),(2,15),(2,16),(2,19),(3,0),(3,8),(3,11),(3,19),(4,0),(4,7),(4,12),(4,16),(4,18),(4,19),(5,0),(5,3),(5,6),(5,13),(5,14),(5,15),(5,19),(6,0),(6,4),(6,7),(6,12),(6,15),(6,19),(7,0),(7,5),(7,6),(7,7),(7,8),(7,11),(7,15),(7,19),(8,0),(8,1),(8,7),(8,8),(8,10),(8,12),(8,18),(8,19),(9,0),(9,1),(9,2),(9,10),(9,15),(9,19),(10,0),(10,1),(10,2),(10,3),(10,7),(10,15),(10,19),(11,0),(11,1),(11,2),(11,3),(11,4),(11,5),(11,6),(11,7),(11,8),(11,9),(11,10),(11,11),(11,12),(11,13),(11,14),(11,15),(11,16),(11,17),(11,18),(11,19)]
	Targets:[(3,9),(3,10),(4,8),(4,9),(4,10),(4,11),(5,7),(5,8),(5,9),(5,10),(5,11),(5,12),(6,8),(6,9),(6,10),(6,11),(7,9),(7,10)]
	Player:(9,11)
	Boxes:[(2,2),(2,7),(3,2),(3,5),(3,17),(4,2),(4,4),(5,2),(5,17),(6,16),(7,2),(8,3),(8,14),(8,17),(9,4),(9,9),(9,12),(9,14)]

ID:11F844DD7E6EE9EB9BA88A4AFEA5E559
	Rows:12
	Colums:21
	Walls:[(0,1),(0,2),(0,3),(0,4),(0,5),(0,6),(0,7),(0,8),(0,9),(0,10),(0,11),(0,12),(0,13),(0,14),(0,15),(0,16),(0,17),(0,18),(0,19),(0,20),(1,0),(1,11),(1,16),(1,17),(1,18),(1,19),(2,0),(2,19),(3,0),(3,2),(3,4),(3,5),(3,6),(3,7),(3,8),(3,9),(3,10),(3,11),(3,12),(3,13),(3,19),(4,0),(4,2),(4,7),(4,14),(4,15),(4,16),(4,19),(5,0),(5,7),(5,10),(5,11),(5,12),(5,16),(5,19),(6,0),(6,4),(6,5),(6,6),(6,16),(6,19),(7,0),(7,4),(7,12),(7,15),(7,16),(7,19),(8,0),(8,3),(8,9),(8,13),(8,14),(8,18),(8,19),(9,0),(9,2),(9,3),(9,6),(9,18),(9,19),(10,0),(10,1),(10,9),(10,10),(10,14),(10,17),(10,18),(10,19),(11,0),(11,1),(11,2),(11,3),(11,4),(11,5),(11,6),(11,7),(11,8),(11,9),(11,10),(11,11),(11,12),(11,13),(11,14),(11,15),(11,16),(11,17),(11,18),(11,19)]
	Targets:[(1,7),(1,8),(1,9),(1,10),(2,7),(2,8),(2,9),(2,10),(4,17),(4,18),(5,17),(5,18),(6,17),(6,18),(7,17),(7,18)]
	Player:(9,1)
	Boxes:[(4,3),(5,3),(5,8),(5,9),(6,2),(6,8),(6,12),(7,2),(7,8),(7,10),(8,6),(8,7),(8,11),(9,5),(9,9),(9,12)]

ID:C00D4D52A6626D56B65CABB58111AD67
	Rows:12
	Colums:21
	Walls:[(0,1),(0,2),(0,3),(0,4),(0,5),(0,6),(0,7),(0,8),(0,9),(0,10),(0,11),(0,12),(0,13),(0,14),(0,15),(0,16),(0,17),(0,18),(0,19),(0,20),(1,0),(1,9),(1,13),(1,16),(1,19),(2,0),(2,6),(2,9),(2,11),(2,13),(2,16),(2,17),(2,19),(3,0),(3,3),(3,9),(3,13),(3,19),(4,0),(4,1),(4,3),(4,6),(4,9),(4,11),(4,13),(4,16),(4,19),(5,0),(5,4),(5,5),(5,13),(5,19),(6,0),(6,4),(6,8),(6,12),(6,16),(6,19),(7,0),(7,4),(7,7),(7,11),(7,16),(7,19),(8,0),(8,1),(8,4),(8,7),(8,8),(8,9),(8,10),(8,15),(8,19),(9,0),(9,14),(9,19),(10,0),(10,4),(10,7),(10,13),(10,19),(11,0),(11,1),(11,2),(11,3),(11,4),(11,5),(11,6),(11,7),(11,8),(11,9),(11,10),(11,11),(11,12),(11,13),(11,14),(11,15),(11,16),(11,17),(11,18),(11,19)]
	Targets:[(7,17),(7,18),(8,16),(8,17),(8,18),(9,15),(9,16),(9,17),(9,18),(10,14),(10,15),(10,16),(10,17),(10,18)]
	Player:(1,14)
	Boxes:[(2,2),(2,3),(2,7),(2,8),(3,5),(3,7),(3,10),(3,11),(6,6),(7,2),(7,5),(7,14),(8,2),(9,3)]

ID:79B066B53C85E4BA11862BA7B5782AE4
	Rows:12
	Colums:21
	Walls:[(0,1),(0,2),(0,3),(0,4),(0,5),(0,6),(0,7),(0,8),(0,9),(0,10),(0,11),(0,12),(0,13),(0,14),(0,15),(0,16),(0,17),(0,18),(0,19),(0,20),(1,0),(1,6),(1,10),(1,11),(1,12),(1,13),(1,14),(1,19),(2,0),(2,1),(2,6),(2,10),(2,11),(2,12),(2,13),(2,19),(3,0),(3,1),(3,2),(3,3),(3,10),(3,13),(3,16),(3,19),(4,0),(4,9),(4,10),(4,13),(4,14),(4,15),(4,16),(4,18),(4,19),(5,0),(5,6),(5,7),(5,8),(5,19),(6,0),(6,3),(6,5),(6,13),(6,15),(6,19),(7,0),(7,2),(7,5),(7,11),(7,12),(7,13),(7,15),(7,19),(8,0),(8,2),(8,8),(8,11),(8,15),(8,16),(8,19),(9,0),(9,5),(9,8),(9,9),(9,10),(9,11),(9,15),(9,18),(9,19),(10,0),(10,2),(10,5),(10,11),(10,18),(10,19),(11,0),(11,1),(11,2),(11,3),(11,4),(11,5),(11,6),(11,7),(11,8),(11,9),(11,10),(11,11),(11,12),(11,13),(11,14),(11,15),(11,16),(11,17),(11,18),(11,19)]
	Targets:[(3,11),(3,12),(4,11),(4,12),(5,9),(5,10),(5,11),(5,12),(6,9),(6,10),(6,11),(6,12),(7,9),(7,10),(8,9),(8,10)]
	Player:(10,10)
	Boxes:[(2,3),(2,16),(3,5),(3,6),(4,3),(4,6),(5,2),(5,16),(5,17),(6,4),(6,17),(7,7),(7,14),(8,6),(9,4),(9,17)]

ID:0BD6FC671D0F5D712CFE4AB5D4ADB80F
	Rows:12
	Colums:21
	Walls:[(0,1),(0,2),(0,3),(0,4),(0,5),(0,6),(0,7),(0,8),(0,9),(0,10),(0,11),(0,12),(0,13),(0,14),(0,15),(0,16),(0,17),(0,18),(0,19),(0,20),(1,0),(1,4),(1,8),(1,13),(1,17),(1,19),(2,0),(2,13),(2,17),(2,19),(3,0),(3,1),(3,3),(3,6),(3,7),(3,8),(3,10),(3,17),(3,19),(4,0),(4,3),(4,6),(4,8),(4,9),(4,10),(4,13),(4,19),(5,0),(5,3),(5,5),(5,10),(5,13),(5,15),(5,16),(5,17),(5,19),(6,0),(6,5),(6,11),(6,12),(6,17),(6,19),(7,0),(7,1),(7,5),(7,7),(7,12),(7,19),(8,0),(8,3),(8,4),(8,5),(8,6),(8,7),(8,8),(8,11),(8,12),(8,14),(8,17),(8,19),(9,0),(9,15),(9,16),(9,17),(9,19),(10,0),(10,4),(10,8),(10,17),(10,19),(11,0),(11,1),(11,2),(11,3),(11,4),(11,5),(11,6),(11,7),(11,8),(11,9),(11,10),(11,11),(11,12),(11,13),(11,14),(11,15),(11,16),(11,17),(11,18),(11,19)]
	Targets:[(4,7),(5,6),(5,7),(5,8),(5,9),(6,6),(6,7),(6,8),(6,9),(6,10),(7,6),(7,8),(7,9),(7,10),(7,11),(8,9),(8,10)]
	Player:(1,18)
	Boxes:[(2,4),(2,7),(2,15),(3,2),(3,5),(3,15),(3,16),(4,14),(4,16),(5,4),(6,2),(7,2),(7,13),(7,14),(7,16),(9,3),(9,13)]

ID:05CB9A9960AC40A9A83985F718A0CD51
	Rows:12
	Colums:21
	Walls:[(0,1),(0,2),(0,3),(0,4),(0,5),(0,6),(0,7),(0,8),(0,9),(0,10),(0,11),(0,12),(0,13),(0,14),(0,15),(0,16),(0,17),(0,18),(0,19),(0,20),(1,0),(1,2),(1,4),(1,6),(1,10),(1,12),(1,13),(1,17),(1,19),(2,0),(2,19),(3,0),(3,3),(3,4),(3,6),(3,8),(3,9),(3,10),(3,11),(3,12),(3,16),(3,18),(3,19),(4,0),(4,1),(4,6),(4,7),(4,13),(4,16),(4,19),(5,0),(5,1),(5,3),(5,4),(5,6),(5,12),(5,13),(5,14),(5,16),(5,19),(6,0),(6,4),(6,6),(6,7),(6,13),(6,16),(6,18),(6,19),(7,0),(7,8),(7,9),(7,12),(7,13),(7,16),(7,19),(8,0),(8,4),(8,19),(9,0),(9,1),(9,7),(9,9),(9,12),(9,19),(10,0),(10,4),(10,5),(10,9),(10,12),(10,19),(11,0),(11,1),(11,2),(11,3),(11,4),(11,5),(11,6),(11,7),(11,8),(11,9),(11,10),(11,11),(11,12),(11,13),(11,14),(11,15),(11,16),(11,17),(11,18),(11,19)]
	Targets:[(4,8),(4,9),(4,10),(4,11),(4,12),(5,7),(5,8),(5,9),(5,10),(5,11),(6,8),(6,9),(6,10),(6,11),(6,12),(7,10),(7,11)]
	Player:(1,11)
	Boxes:[(2,14),(3,5),(3,14),(5,2),(5,5),(5,15),(5,17),(7,3),(8,2),(8,8),(8,12),(8,15),(8,16),(8,17),(9,3),(9,6),(9,15)]

ID:367E2331E5444778C4C96D7CD9950E9B
	Rows:15
	Colums:21
	Walls:[(0,1),(0,2),(0,3),(0,4),(0,5),(0,6),(0,7),(0,8),(0,9),(0,10),(0,11),(0,12),(0,13),(0,14),(0,15),(0,16),(0,17),(0,18),(0,19),(0,20),(1,0),(1,5),(1,6),(1,10),(1,15),(1,19),(2,0),(2,12),(2,13),(2,19),(3,0),(3,1),(3,3),(3,4),(3,5),(3,6),(3,7),(3,11),(3,12),(3,13),(3,14),(3,15),(3,16),(3,18),(3,19),(4,1),(4,3),(4,4),(4,7),(4,8),(4,13),(4,14),(4,15),(4,16),(4,18),(4,19),(5,0),(5,1),(5,3),(5,4),(5,7),(5,8),(5,9),(5,12),(5,13),(5,19),(6,0),(6,7),(6,13),(6,19),(7,0),(7,4),(7,5),(7,7),(7,8),(7,12),(7,13),(7,14),(7,16),(7,17),(7,18),(7,19),(8,0),(8,2),(8,9),(8,11),(8,12),(8,14),(8,16),(9,0),(9,6),(9,11),(9,12),(9,13),(9,14),(9,16),(9,17),(10,0),(10,2),(10,5),(10,6),(10,8),(10,10),(10,11),(10,14),(10,17),(10,18),(11,0),(11,1),(11,2),(11,3),(11,4),(11,5),(11,6),(11,10),(11,11),(11,18),(12,6),(12,7),(12,16),(12,18),(13,7),(13,10),(13,11),(13,13),(13,14),(13,15),(13,16),(13,17),(13,18),(14,7),(14,8),(14,9),(14,10),(14,11),(14,12),(14,13)]
	Targets:[(3,10),(4,9),(4,10),(4,11),(4,12),(5,10),(5,11),(6,8),(6,9),(6,10),(6,12),(7,10),(8,10),(9,10)]
	Player:(12,17)
	Boxes:[(2,3),(2,6),(2,15),(5,5),(6,15),(6,17),(7,2),(8,4),(9,2),(9,4),(11,9),(11,12),(11,16),(12,14)]

ID:4615BE76EE9CF1BAA8C7E2C72460FB2B
	Rows:13
	Colums:14
	Walls:[(0,1),(0,2),(0,3),(0,4),(0,5),(0,6),(0,9),(0,10),(0,11),(0,12),(0,13),(1,0),(1,5),(1,8),(1,12),(2,0),(2,5),(2,6),(2,7),(2,8),(2,12),(3,0),(3,12),(4,0),(4,3),(4,4),(4,5),(4,7),(4,8),(4,9),(4,12),(5,0),(5,1),(5,2),(5,3),(5,4),(5,5),(5,6),(5,7),(5,8),(5,9),(5,11),(5,12),(5,13),(6,0),(6,6),(6,7),(6,13),(7,0),(7,6),(7,7),(7,13),(8,0),(8,6),(8,7),(8,13),(9,0),(9,6),(9,7),(9,13),(10,0),(10,13),(11,0),(11,1),(11,2),(11,5),(11,6),(11,7),(11,8),(11,9),(11,10),(11,11),(11,12),(11,13),(12,2),(12,3),(12,4),(12,5)]
	Targets:[(6,1),(6,2),(7,1),(7,2),(8,1),(8,2),(9,1),(9,2),(10,1),(10,2)]
	Player:(4,6)
	Boxes:[(2,2),(2,10),(3,2),(3,9),(4,10),(7,8),(8,9),(9,9),(10,8),(10,10)]

ID:C145621FBDC43070E93E5DFBE6D39994
	Rows:12
	Colums:19
	Walls:[(0,8),(0,9),(0,10),(0,11),(0,12),(0,13),(0,14),(0,15),(0,16),(0,17),(0,18),(1,7),(1,17),(2,7),(2,17),(3,0),(3,1),(3,2),(3,3),(3,4),(3,5),(3,7),(3,11),(3,12),(3,13),(3,14),(3,15),(3,17),(4,0),(4,5),(4,6),(4,7),(4,8),(4,9),(4,14),(4,15),(4,17),(5,0),(5,17),(6,0),(6,11),(6,12),(6,14),(6,15),(6,17),(7,0),(7,5),(7,6),(7,8),(7,9),(7,10),(7,11),(7,12),(7,14),(7,15),(7,17),(8,0),(8,5),(8,6),(8,7),(8,8),(8,12),(8,14),(8,15),(8,17),(8,18),(9,0),(9,5),(9,12),(9,18),(10,0),(10,5),(10,12),(10,18),(11,0),(11,1),(11,2),(11,3),(11,4),(11,5),(11,12),(11,13),(11,14),(11,15),(11,16),(11,17),(11,18)]
	Targets:[(9,1),(9,2),(9,3),(9,4),(10,1),(10,2),(10,3),(10,4)]
	Player:(7,7)
	Boxes:[(2,12),(2,14),(3,9),(4,11),(4,16),(5,8),(5,10),(9,14)]

ID:A88F5674D46FDA879FA46FC812EE4BB1
	Rows:12
	Colums:19
	Walls:[(0,1),(0,2),(0,3),(0,4),(0,5),(0,6),(0,7),(0,8),(0,9),(0,10),(0,11),(0,12),(0,13),(1,0),(1,12),(2,0),(2,2),(2,3),(2,4),(2,12),(3,0),(3,4),(3,12),(4,0),(4,4),(4,5),(4,6),(4,7),(4,9),(4,10),(4,11),(4,12),(4,13),(4,14),(5,0),(5,4),(5,5),(5,14),(5,15),(5,16),(5,17),(5,18),(6,0),(6,18),(7,0),(7,1),(7,2),(7,4),(7,5),(7,9),(7,18),(8,2),(8,4),(8,5),(8,9),(8,18),(9,2),(9,9),(9,18),(10,2),(10,3),(10,4),(10,6),(10,7),(10,8),(10,9),(10,10),(10,11),(10,12),(10,13),(10,14),(10,15),(10,16),(10,17),(10,18),(11,4),(11,5),(11,6)]
	Targets:[(6,15),(6,16),(6,17),(7,15),(7,16),(7,17),(8,15),(8,16),(8,17),(9,15),(9,16),(9,17)]
	Player:(10,5)
	Boxes:[(2,6),(2,7),(3,6),(3,9),(4,3),(4,8),(5,2),(6,3),(6,4),(6,6),(7,7),(7,8)]

ID:30EFDD06EF87CE1B09DEA5265734955F
	Rows:13
	Colums:20
	Walls:[(0,3),(0,4),(0,5),(0,6),(0,7),(0,8),(0,9),(0,10),(0,11),(0,12),(0,13),(0,14),(0,15),(0,16),(0,17),(0,18),(0,19),(1,0),(1,1),(1,2),(1,4),(1,5),(1,18),(2,0),(2,5),(2,18),(3,0),(3,5),(3,18),(4,0),(4,5),(4,18),(5,0),(5,1),(5,5),(5,6),(5,7),(5,9),(5,10),(5,11),(5,12),(5,13),(5,14),(5,15),(5,16),(5,17),(5,18),(6,1),(6,3),(6,4),(6,5),(6,10),(7,0),(7,1),(7,10),(8,0),(8,5),(8,10),(9,0),(9,5),(9,10),(10,0),(10,5),(10,10),(11,0),(11,5),(11,10),(12,0),(12,1),(12,2),(12,3),(12,4),(12,5),(12,6),(12,7),(12,8),(12,9),(12,10)]
	Targets:[(1,15),(1,16),(1,17),(2,15),(2,16),(2,17),(3,15),(3,16),(3,17),(4,15),(4,16),(4,17)]
	Player:(1,3)
	Boxes:[(3,2),(4,2),(4,3),(5,3),(5,8),(6,8),(7,5),(7,8),(8,3),(8,8),(9,2),(10,3)]

ID:CE6757615A15351684926F192AE7FCD6
	Rows:13
	Colums:20
	Walls:[(0,15),(0,16),(0,17),(0,18),(0,19),(1,5),(1,6),(1,7),(1,8),(1,9),(1,10),(1,11),(1,12),(1,13),(1,14),(1,18),(2,5),(2,14),(2,18),(3,5),(3,18),(4,5),(4,7),(4,8),(4,9),(4,10),(4,11),(4,13),(4,14),(4,18),(5,5),(5,11),(5,13),(5,14),(5,18),(6,5),(6,7),(6,8),(6,9),(6,11),(6,13),(6,14),(6,18),(7,0),(7,1),(7,2),(7,3),(7,4),(7,5),(7,7),(7,8),(7,9),(7,18),(8,0),(8,13),(8,14),(8,18),(9,0),(9,13),(9,14),(9,15),(9,16),(9,17),(9,18),(10,0),(10,13),(11,0),(11,1),(11,2),(11,3),(11,4),(11,5),(11,6),(11,7),(11,8),(11,9),(11,10),(11,12),(11,13),(12,10),(12,11),(12,12)]
	Targets:[(8,1),(8,2),(8,3),(8,4),(9,1),(9,2),(9,3),(9,4),(10,1),(10,2),(10,3),(10,4)]
	Player:(11,11)
	Boxes:[(3,8),(3,10),(3,15),(3,16),(4,16),(5,6),(5,7),(5,12),(5,16),(6,15),(7,11),(7,13)]

ID:E53401297B41765DBDC74BFE544CA74C
	Rows:13
	Colums:17
	Walls:[(0,5),(0,6),(0,7),(0,8),(0,9),(0,10),(1,1),(1,2),(1,3),(1,4),(1,9),(2,1),(2,6),(2,7),(2,9),(3,1),(3,9),(4,0),(4,1),(4,2),(4,4),(4,5),(4,6),(4,7),(4,9),(4,10),(4,11),(4,12),(4,13),(4,14),(4,15),(4,16),(5,0),(5,9),(5,10),(5,16),(6,0),(6,16),(7,0),(7,9),(7,10),(7,16),(8,0),(8,1),(8,3),(8,4),(8,6),(8,7),(8,9),(8,10),(8,16),(9,1),(9,2),(9,3),(9,9),(9,10),(9,11),(9,12),(9,13),(9,14),(9,15),(9,16),(10,1),(10,9),(11,1),(11,6),(11,9),(12,1),(12,2),(12,3),(12,4),(12,5),(12,6),(12,7),(12,8),(12,9)]
	Targets:[(5,13),(5,14),(5,15),(6,13),(6,14),(6,15),(7,13),(7,14),(7,15),(8,13),(8,14),(8,15)]
	Player:(8,2)
	Boxes:[(3,3),(5,3),(5,7),(6,4),(6,5),(6,7),(6,8),(7,5),(7,8),(9,6),(10,5),(10,6)]

ID:F615DF02C905BA0C803A2F0976C4D9E6
	Rows:13
	Colums:18
	Walls:[(0,1),(0,2),(0,3),(0,4),(0,5),(0,6),(0,7),(0,9),(0,10),(0,11),(0,12),(0,13),(0,14),(0,15),(0,16),(0,17),(1,0),(1,6),(1,8),(1,12),(1,13),(1,16),(2,0),(2,2),(2,3),(2,4),(2,6),(2,8),(2,16),(3,0),(3,2),(3,6),(3,7),(3,8),(3,16),(4,0),(4,12),(4,13),(4,16),(5,0),(5,5),(5,6),(5,7),(5,8),(5,12),(5,13),(5,16),(6,0),(6,2),(6,3),(6,4),(6,5),(6,6),(6,7),(6,8),(6,9),(6,10),(6,11),(6,12),(6,13),(6,15),(6,16),(7,0),(7,1),(7,2),(7,9),(7,10),(7,11),(7,12),(7,13),(7,16),(8,2),(8,9),(8,10),(8,11),(8,12),(8,16),(9,2),(9,16),(10,2),(10,9),(10,10),(10,11),(10,12),(10,16),(11,2),(11,9),(11,12),(11,16),(12,2),(12,3),(12,4),(12,5),(12,6),(12,7),(12,8),(12,9),(12,12),(12,13),(12,14),(12,15),(12,16)]
	Targets:[(7,3),(7,4),(8,3),(8,4),(9,3),(9,4),(10,3),(10,4),(11,3),(11,4)]
	Player:(6,1)
	Boxes:[(2,12),(3,4),(3,12),(4,4),(4,5),(4,14),(7,14),(9,12),(9,13),(10,14)]

ID:A4CAD39CB8874BAD1E053DBC57515022
	Rows:12
	Colums:16
	Walls:[(0,1),(0,2),(0,3),(0,4),(0,5),(0,6),(0,7),(1,0),(1,6),(1,7),(1,8),(1,9),(1,10),(1,11),(1,12),(1,13),(1,14),(1,15),(2,0),(2,6),(2,11),(2,14),(2,15),(3,0),(3,6),(3,15),(4,0),(4,6),(4,11),(4,12),(4,15),(5,0),(5,6),(5,7),(5,15),(6,0),(6,1),(6,3),(6,6),(6,7),(6,9),(6,10),(6,11),(6,12),(6,13),(6,14),(6,15),(7,0),(7,1),(7,3),(7,6),(7,7),(7,15),(8,0),(8,3),(8,15),(9,0),(9,15),(10,0),(10,6),(10,7),(10,9),(10,15),(11,0),(11,1),(11,2),(11,3),(11,4),(11,5),(11,6),(11,7),(11,8),(11,9),(11,10),(11,11),(11,12),(11,13),(11,14),(11,15)]
	Targets:[(7,12),(7,13),(7,14),(8,12),(8,13),(8,14),(9,12),(9,13),(9,14),(10,12),(10,13),(10,14)]
	Player:(10,8)
	Boxes:[(3,2),(3,10),(3,12),(4,3),(4,9),(5,2),(5,3),(5,8),(5,10),(8,4),(9,4),(9,5)]

ID:7ADBCFCC4DFAFD4056B13319EA33E94C
	Rows:16
	Colums:20
	Walls:[(0,1),(0,2),(0,3),(0,4),(0,5),(0,6),(0,7),(0,8),(0,9),(0,10),(0,11),(0,12),(1,0),(1,7),(1,11),(1,12),(2,0),(2,9),(2,12),(2,13),(2,14),(2,15),(2,16),(2,17),(3,0),(3,1),(3,2),(3,3),(3,6),(3,7),(3,8),(3,9),(3,10),(3,17),(4,1),(4,6),(4,12),(4,13),(4,14),(4,15),(4,17),(5,1),(5,3),(5,4),(5,5),(5,6),(5,9),(5,10),(5,11),(5,12),(5,17),(6,1),(6,10),(6,15),(6,16),(6,17),(6,18),(7,1),(7,6),(7,10),(7,15),(7,18),(7,19),(8,0),(8,1),(8,2),(8,4),(8,5),(8,6),(8,7),(8,9),(8,10),(8,19),(9,0),(9,6),(9,7),(9,8),(9,9),(9,10),(9,14),(9,19),(10,0),(10,2),(10,4),(10,14),(10,15),(10,16),(10,19),(11,0),(11,2),(11,4),(11,5),(11,6),(11,7),(11,8),(11,9),(11,10),(11,11),(11,14),(11,19),(12,0),(12,2),(12,13),(12,14),(12,19),(13,0),(13,2),(13,4),(13,5),(13,6),(13,7),(13,8),(13,9),(13,10),(13,14),(13,16),(13,19),(14,0),(14,4),(14,10),(14,18),(14,19),(15,0),(15,1),(15,2),(15,3),(15,4),(15,10),(15,11),(15,12),(15,13),(15,14),(15,15),(15,16),(15,17),(15,18),(15,19)]
	Targets:[(4,2),(4,3),(5,2),(6,2),(6,3),(6,4),(6,5),(7,3),(7,4),(7,5),(8,3),(10,3),(11,3),(12,3),(12,4)]
	Player:(8,14)
	Boxes:[(2,2),(2,5),(6,13),(7,12),(7,13),(7,14),(8,13),(8,15),(9,12),(10,6),(10,13),(10,17),(11,17),(12,17),(13,12)]

ID:927EAA075968A85007741972359D785B
	Rows:10
	Colums:17
	Walls:[(0,1),(0,2),(0,3),(0,4),(0,5),(0,6),(0,7),(0,8),(0,9),(0,10),(0,11),(0,12),(0,13),(0,14),(0,15),(0,16),(1,0),(1,8),(1,11),(1,15),(2,0),(2,2),(2,4),(2,6),(2,8),(2,15),(3,0),(3,2),(3,6),(3,8),(3,15),(4,0),(4,6),(4,8),(4,15),(4,16),(5,0),(5,2),(5,3),(5,5),(5,6),(5,8),(5,10),(5,11),(5,16),(6,0),(6,2),(6,16),(7,0),(7,2),(7,3),(7,5),(7,6),(7,7),(7,10),(7,11),(7,12),(7,13),(7,14),(7,15),(7,16),(8,0),(8,5),(8,7),(8,8),(8,9),(8,10),(9,0),(9,1),(9,2),(9,3),(9,4),(9,5)]
	Targets:[(3,3),(3,4),(3,5),(4,3),(4,4),(4,5),(5,4),(6,3),(6,4),(6,5)]
	Player:(1,9)
	Boxes:[(2,10),(2,13),(2,14),(3,9),(3,10),(3,11),(4,10),(4,13),(4,14),(6,11)]

ID:77B352B2C3D5869ABF3A78CB8A0EF7C2
	Rows:14
	Colums:16
	Walls:[(0,5),(0,6),(0,7),(0,8),(0,9),(1,1),(1,2),(1,3),(1,4),(1,8),(1,9),(1,11),(1,12),(1,13),(1,14),(1,15),(2,1),(2,9),(2,10),(2,11),(2,15),(3,1),(3,15),(4,1),(4,3),(4,5),(4,6),(4,7),(4,8),(4,9),(4,10),(4,11),(4,12),(4,14),(4,15),(5,1),(5,3),(5,9),(5,15),(6,1),(6,3),(6,9),(6,11),(6,15),(7,0),(7,1),(7,3),(7,7),(7,9),(7,11),(7,12),(7,13),(7,14),(7,15),(8,0),(8,3),(8,4),(8,9),(8,15),(9,0),(9,7),(9,9),(9,10),(9,11),(9,15),(10,0),(10,1),(10,2),(10,3),(10,4),(10,6),(10,7),(10,10),(10,15),(11,0),(11,15),(12,0),(12,10),(12,15),(13,0),(13,1),(13,2),(13,3),(13,4),(13,5),(13,6),(13,7),(13,8),(13,9),(13,10),(13,11),(13,12),(13,13),(13,14),(13,15)]
	Targets:[(10,11),(10,12),(10,13),(10,14),(11,11),(11,12),(11,13),(11,14),(12,11),(12,12),(12,13),(12,14)]
	Player:(3,4)
	Boxes:[(2,4),(3,3),(3,5),(3,7),(3,12),(4,4),(5,6),(6,5),(6,7),(7,6),(9,5),(11,5)]

ID:B4207DD11333C57C603B4E70C4283F84
	Rows:16
	Colums:17
	Walls:[(0,1),(0,2),(0,3),(0,4),(0,5),(0,6),(0,7),(0,8),(0,9),(0,10),(0,11),(0,12),(0,13),(1,0),(1,9),(1,10),(1,11),(1,12),(2,0),(2,4),(2,5),(2,6),(2,7),(2,9),(2,12),(2,13),(2,14),(2,15),(2,16),(3,0),(3,4),(3,7),(3,8),(3,9),(3,16),(4,0),(4,16),(5,0),(5,4),(5,10),(5,15),(5,16),(6,0),(6,4),(6,6),(6,8),(6,15),(7,0),(7,2),(7,4),(7,15),(8,0),(8,4),(8,6),(8,7),(8,8),(8,10),(8,11),(8,12),(8,13),(8,15),(9,0),(9,1),(9,4),(9,15),(10,1),(10,4),(10,12),(10,15),(11,1),(11,4),(11,6),(11,7),(11,8),(11,9),(11,15),(12,1),(12,4),(12,9),(12,10),(12,11),(12,15),(13,1),(13,4),(13,9),(13,11),(13,12),(13,13),(13,14),(13,15),(14,1),(14,4),(14,9),(15,1),(15,2),(15,3),(15,4),(15,5),(15,6),(15,7),(15,8),(15,9)]
	Targets:[(1,1),(1,2),(1,3),(1,4),(1,5),(1,6),(1,7),(1,8),(2,1),(2,2),(2,3),(3,1),(3,2),(3,3),(4,1),(4,2),(4,3),(5,3),(6,1),(6,2),(6,3),(7,1),(8,1)]
	Player:(10,8)
	Boxes:[(3,14),(4,4),(4,5),(4,11),(4,13),(5,7),(5,9),(5,12),(6,7),(6,12),(7,6),(7,10),(8,5),(8,9),(8,14),(9,8),(9,10),(10,7),(10,9),(11,11),(11,14),(13,6),(13,7)]

ID:20B2A0E84D2A881575C90EC8012D138C
	Rows:17
	Colums:20
	Walls:[(0,2),(0,3),(0,4),(0,5),(0,6),(0,7),(0,8),(0,9),(0,10),(0,11),(0,12),(0,13),(0,14),(0,15),(0,16),(0,17),(0,18),(0,19),(1,1),(1,16),(1,18),(1,19),(2,1),(2,9),(2,10),(2,11),(2,12),(2,19),(3,1),(3,3),(3,4),(3,5),(3,6),(3,7),(3,8),(3,9),(3,12),(3,19),(4,1),(4,3),(4,12),(4,13),(4,18),(4,19),(5,1),(5,3),(5,8),(5,10),(5,12),(5,13),(5,14),(5,18),(6,1),(6,3),(6,12),(6,13),(6,14),(6,15),(6,16),(6,18),(7,0),(7,1),(7,3),(7,18),(8,0),(8,3),(8,5),(8,8),(8,12),(8,15),(8,16),(8,18),(9,0),(9,2),(9,3),(9,8),(9,9),(9,11),(9,12),(9,16),(9,18),(10,0),(10,2),(10,5),(10,12),(10,18),(11,0),(11,2),(11,12),(11,13),(11,14),(11,15),(11,16),(11,17),(11,18),(12,0),(12,2),(12,3),(12,4),(12,5),(12,6),(12,7),(12,8),(12,9),(12,11),(12,12),(12,16),(13,0),(13,9),(13,16),(14,0),(14,1),(14,2),(14,3),(14,4),(14,5),(14,6),(14,7),(14,12),(14,13),(14,14),(14,15),(14,16),(15,7),(15,8),(15,9),(15,12),(16,9),(16,10),(16,11),(16,12)]
	Targets:[(1,13),(1,14),(1,15),(1,17),(2,13),(2,14),(2,15),(2,16),(2,17),(3,13),(3,14),(3,15),(3,16),(3,17),(4,14),(4,15),(4,16),(4,17),(5,15),(5,16),(5,17)]
	Player:(6,6)
	Boxes:[(1,5),(4,8),(4,10),(5,6),(6,5),(6,7),(6,9),(7,6),(7,9),(7,11),(7,12),(7,16),(8,4),(8,7),(8,14),(9,14),(10,4),(10,7),(10,9),(12,10),(13,12)]

ID:ECE8B76EF0453A486D1BAC592042C3B3
	Rows:16
	Colums:21
	Walls:[(0,1),(0,2),(0,3),(0,4),(0,5),(0,6),(0,7),(0,8),(0,9),(0,10),(0,11),(0,12),(0,13),(0,14),(0,15),(0,16),(0,17),(0,18),(0,19),(0,20),(1,0),(1,3),(1,8),(1,19),(2,0),(2,8),(2,14),(2,15),(2,18),(2,19),(3,0),(3,3),(3,6),(3,7),(3,8),(3,11),(3,12),(3,14),(3,15),(3,19),(4,0),(4,3),(4,7),(4,19),(5,0),(5,2),(5,3),(5,4),(5,7),(5,9),(5,12),(5,16),(5,17),(5,18),(5,19),(6,0),(6,3),(6,4),(6,6),(6,12),(6,15),(6,19),(7,0),(7,10),(7,11),(7,13),(7,14),(7,19),(8,0),(8,3),(8,6),(8,9),(8,17),(8,18),(8,19),(9,0),(9,3),(9,6),(9,9),(9,13),(9,14),(9,15),(9,19),(10,0),(10,3),(10,4),(10,5),(10,6),(10,7),(10,8),(10,9),(10,10),(10,12),(10,19),(11,0),(11,12),(11,15),(11,17),(11,19),(12,0),(12,1),(12,3),(12,4),(12,5),(12,6),(12,7),(12,8),(12,9),(12,10),(12,12),(12,19),(13,0),(13,9),(13,14),(13,15),(13,17),(13,19),(14,0),(14,19),(15,0),(15,1),(15,2),(15,3),(15,4),(15,5),(15,6),(15,7),(15,8),(15,9),(15,10),(15,11),(15,12),(15,13),(15,14),(15,15),(15,16),(15,17),(15,18),(15,19)]
	Targets:[(1,1),(1,2),(2,1),(3,1),(7,12),(11,16),(11,18),(12,16),(12,17),(12,18),(13,5),(13,6),(13,16),(13,18),(14,2),(14,3),(14,4),(14,5),(14,6),(14,7),(14,14),(14,15),(14,16),(14,17),(14,18)]
	Player:(6,13)
	Boxes:[(2,2),(2,5),(2,9),(2,10),(2,13),(2,17),(3,2),(4,5),(4,10),(4,11),(4,15),(5,13),(6,8),(7,2),(7,7),(7,17),(8,5),(8,8),(8,11),(12,2),(12,11),(13,6),(14,3),(14,7),(14,11)]

