ID:4256D74B49CF95925EB4D8767D6A4554
	Rows:8
	Colums:11
	Walls:[(0,0),(0,1),(0,2),(0,3),(0,4),(0,5),(0,6),(0,7),(0,8),(0,9),(0,10),(1,0),(1,1),(1,2),(1,3),(1,7),(1,10),(2,0),(2,1),(2,2),(2,3),(2,5),(2,10),(3,0),(3,1),(3,2),(3,3),(3,7),(3,10),(4,0),(4,7),(4,8),(4,10),(5,0),(5,4),(5,5),(5,6),(5,10),(6,0),(6,4),(6,5),(6,6),(6,10),(7,0),(7,1),(7,2),(7,3),(7,4),(7,5),(7,6),(7,7),(7,8),(7,9),(7,10)]
	Targets:[(4,3),(4,6),(6,9)]
	Player:(1,6)
	Boxes:[(3,6),(4,2),(5,9)]

ID:E6A65201B8EC4075B185579F630C7195
	Rows:8
	Colums:11
	Walls:[(0,0),(0,1),(0,2),(0,3),(0,4),(0,5),(0,6),(0,7),(0,8),(0,9),(0,10),(1,0),(1,1),(1,2),(1,3),(1,7),(1,10),(2,0),(2,1),(2,2),(2,3),(2,5),(2,10),(3,0),(3,1),(3,2),(3,3),(3,7),(3,10),(4,0),(4,7),(4,8),(4,10),(5,0),(5,4),(5,5),(5,6),(5,10),(6,0),(6,4),(6,5),(6,6),(6,10),(7,0),(7,1),(7,2),(7,3),(7,4),(7,5),(7,6),(7,7),(7,8),(7,9),(7,10)]
	Targets:[(1,6),(6,7),(6,9)]
	Player:(6,3)
	Boxes:[(2,7),(3,6),(6,8)]

ID:CC2F1ACAAFA16D458D6BA85E81CB90E1
	Rows:8
	Colums:11
	Walls:[(0,0),(0,1),(0,2),(0,3),(0,4),(0,5),(0,6),(0,7),(0,8),(0,9),(0,10),(1,0),(1,1),(1,2),(1,3),(1,7),(1,10),(2,0),(2,1),(2,2),(2,3),(2,5),(2,10),(3,0),(3,1),(3,2),(3,3),(3,7),(3,10),(4,0),(4,7),(4,8),(4,10),(5,0),(5,4),(5,5),(5,6),(5,10),(6,0),(6,4),(6,5),(6,6),(6,10),(7,0),(7,1),(7,2),(7,3),(7,4),(7,5),(7,6),(7,7),(7,8),(7,9),(7,10)]
	Targets:[(1,6),(6,1),(6,9)]
	Player:(1,5)
	Boxes:[(2,7),(3,6),(6,2)]

ID:4A74210F1E7761992B1CD6247F8BD04A
	Rows:8
	Colums:11
	Walls:[(0,0),(0,1),(0,2),(0,3),(0,4),(0,5),(0,6),(0,7),(0,8),(0,9),(0,10),(1,0),(1,1),(1,2),(1,3),(1,7),(1,10),(2,0),(2,1),(2,2),(2,3),(2,5),(2,10),(3,0),(3,1),(3,2),(3,3),(3,7),(3,10),(4,0),(4,7),(4,8),(4,10),(5,0),(5,4),(5,5),(5,6),(5,10),(6,0),(6,4),(6,5),(6,6),(6,10),(7,0),(7,1),(7,2),(7,3),(7,4),(7,5),(7,6),(7,7),(7,8),(7,9),(7,10)]
	Targets:[(1,4),(2,9),(4,5)]
	Player:(1,5)
	Boxes:[(2,7),(3,5),(4,2)]

ID:CE437B548CC4168F0560B2530BEA2135
	Rows:8
	Colums:11
	Walls:[(0,0),(0,1),(0,2),(0,3),(0,4),(0,5),(0,6),(0,7),(0,8),(0,9),(0,10),(1,0),(1,1),(1,2),(1,3),(1,7),(1,10),(2,0),(2,1),(2,2),(2,3),(2,5),(2,10),(3,0),(3,1),(3,2),(3,3),(3,7),(3,10),(4,0),(4,7),(4,8),(4,10),(5,0),(5,4),(5,5),(5,6),(5,10),(6,0),(6,4),(6,5),(6,6),(6,10),(7,0),(7,1),(7,2),(7,3),(7,4),(7,5),(7,6),(7,7),(7,8),(7,9),(7,10)]
	Targets:[(1,9),(4,1),(5,7)]
	Player:(4,3)
	Boxes:[(2,7),(4,4),(5,8)]

ID:F05C8635D686B2CDB2EEF48353C3BDD1
	Rows:8
	Colums:11
	Walls:[(0,0),(0,1),(0,2),(0,3),(0,4),(0,5),(0,6),(0,7),(0,8),(0,9),(0,10),(1,0),(1,1),(1,2),(1,3),(1,7),(1,10),(2,0),(2,1),(2,2),(2,3),(2,5),(2,10),(3,0),(3,1),(3,2),(3,3),(3,7),(3,10),(4,0),(4,7),(4,8),(4,10),(5,0),(5,4),(5,5),(5,6),(5,10),(6,0),(6,4),(6,5),(6,6),(6,10),(7,0),(7,1),(7,2),(7,3),(7,4),(7,5),(7,6),(7,7),(7,8),(7,9),(7,10)]
	Targets:[(1,6),(3,9),(4,3)]
	Player:(6,9)
	Boxes:[(1,5),(4,4),(5,8)]

ID:B30121162721FC052DB0C9873496736F
	Rows:8
	Colums:11
	Walls:[(0,0),(0,1),(0,2),(0,3),(0,4),(0,5),(0,6),(0,7),(0,8),(0,9),(0,10),(1,0),(1,1),(1,2),(1,3),(1,7),(1,10),(2,0),(2,1),(2,2),(2,3),(2,5),(2,10),(3,0),(3,1),(3,2),(3,3),(3,7),(3,10),(4,0),(4,7),(4,8),(4,10),(5,0),(5,4),(5,5),(5,6),(5,10),(6,0),(6,4),(6,5),(6,6),(6,10),(7,0),(7,1),(7,2),(7,3),(7,4),(7,5),(7,6),(7,7),(7,8),(7,9),(7,10)]
	Targets:[(3,4),(4,1),(4,9)]
	Player:(1,5)
	Boxes:[(3,5),(4,4),(5,8)]

ID:E71B30A260410C143A6C6BB1F84A6CA0
	Rows:8
	Colums:11
	Walls:[(0,0),(0,1),(0,2),(0,3),(0,4),(0,5),(0,6),(0,7),(0,8),(0,9),(0,10),(1,0),(1,1),(1,2),(1,3),(1,7),(1,10),(2,0),(2,1),(2,2),(2,3),(2,5),(2,10),(3,0),(3,1),(3,2),(3,3),(3,7),(3,10),(4,0),(4,7),(4,8),(4,10),(5,0),(5,4),(5,5),(5,6),(5,10),(6,0),(6,4),(6,5),(6,6),(6,10),(7,0),(7,1),(7,2),(7,3),(7,4),(7,5),(7,6),(7,7),(7,8),(7,9),(7,10)]
	Targets:[(2,6),(4,5),(4,9)]
	Player:(1,6)
	Boxes:[(2,4),(3,5),(5,8)]

ID:96E80412691EF0E43F08EC7B15610CC3
	Rows:8
	Colums:11
	Walls:[(0,0),(0,1),(0,2),(0,3),(0,4),(0,5),(0,6),(0,7),(0,8),(0,9),(0,10),(1,0),(1,1),(1,2),(1,3),(1,7),(1,10),(2,0),(2,1),(2,2),(2,3),(2,5),(2,10),(3,0),(3,1),(3,2),(3,3),(3,7),(3,10),(4,0),(4,7),(4,8),(4,10),(5,0),(5,4),(5,5),(5,6),(5,10),(6,0),(6,4),(6,5),(6,6),(6,10),(7,0),(7,1),(7,2),(7,3),(7,4),(7,5),(7,6),(7,7),(7,8),(7,9),(7,10)]
	Targets:[(3,4),(4,5),(5,3)]
	Player:(2,7)
	Boxes:[(2,4),(3,5),(5,2)]

ID:EE2D6B88B2538A328E91219B0D4B566A
	Rows:8
	Colums:11
	Walls:[(0,0),(0,1),(0,2),(0,3),(0,4),(0,5),(0,6),(0,7),(0,8),(0,9),(0,10),(1,0),(1,1),(1,2),(1,3),(1,7),(1,10),(2,0),(2,1),(2,2),(2,3),(2,5),(2,10),(3,0),(3,1),(3,2),(3,3),(3,7),(3,10),(4,0),(4,7),(4,8),(4,10),(5,0),(5,4),(5,5),(5,6),(5,10),(6,0),(6,4),(6,5),(6,6),(6,10),(7,0),(7,1),(7,2),(7,3),(7,4),(7,5),(7,6),(7,7),(7,8),(7,9),(7,10)]
	Targets:[(1,4),(4,9),(5,7)]
	Player:(3,4)
	Boxes:[(2,8),(3,5),(5,8)]

ID:D1D383093C556D72E12DC95DC3BF54A6
	Rows:8
	Colums:11
	Walls:[(0,0),(0,1),(0,2),(0,3),(0,4),(0,5),(0,6),(0,7),(0,8),(0,9),(0,10),(1,0),(1,1),(1,2),(1,3),(1,7),(1,10),(2,0),(2,1),(2,2),(2,3),(2,5),(2,10),(3,0),(3,1),(3,2),(3,3),(3,7),(3,10),(4,0),(4,7),(4,8),(4,10),(5,0),(5,4),(5,5),(5,6),(5,10),(6,0),(6,4),(6,5),(6,6),(6,10),(7,0),(7,1),(7,2),(7,3),(7,4),(7,5),(7,6),(7,7),(7,8),(7,9),(7,10)]
	Targets:[(1,4),(4,5),(6,3)]
	Player:(1,6)
	Boxes:[(3,5),(4,2),(5,2)]

ID:F18B0A294D2A6581D882B195BFBB24AE
	Rows:8
	Colums:11
	Walls:[(0,0),(0,1),(0,2),(0,3),(0,4),(0,5),(0,6),(0,7),(0,8),(0,9),(0,10),(1,0),(1,1),(1,2),(1,3),(1,7),(1,10),(2,0),(2,1),(2,2),(2,3),(2,5),(2,10),(3,0),(3,1),(3,2),(3,3),(3,7),(3,10),(4,0),(4,7),(4,8),(4,10),(5,0),(5,4),(5,5),(5,6),(5,10),(6,0),(6,4),(6,5),(6,6),(6,10),(7,0),(7,1),(7,2),(7,3),(7,4),(7,5),(7,6),(7,7),(7,8),(7,9),(7,10)]
	Targets:[(1,4),(3,8),(4,6)]
	Player:(1,8)
	Boxes:[(2,4),(2,8),(5,2)]

ID:838FA88D3909E835D7864C2BCB5C3C17
	Rows:8
	Colums:11
	Walls:[(0,0),(0,1),(0,2),(0,3),(0,4),(0,5),(0,6),(0,7),(0,8),(0,9),(0,10),(1,0),(1,1),(1,2),(1,3),(1,7),(1,10),(2,0),(2,1),(2,2),(2,3),(2,5),(2,10),(3,0),(3,1),(3,2),(3,3),(3,7),(3,10),(4,0),(4,7),(4,8),(4,10),(5,0),(5,4),(5,5),(5,6),(5,10),(6,0),(6,4),(6,5),(6,6),(6,10),(7,0),(7,1),(7,2),(7,3),(7,4),(7,5),(7,6),(7,7),(7,8),(7,9),(7,10)]
	Targets:[(1,6),(4,1),(4,5)]
	Player:(5,3)
	Boxes:[(3,5),(5,1),(5,2)]

ID:0E2D38807D08CFAE2BD2A971939BDF03
	Rows:8
	Colums:11
	Walls:[(0,0),(0,1),(0,2),(0,3),(0,4),(0,5),(0,6),(0,7),(0,8),(0,9),(0,10),(1,0),(1,1),(1,2),(1,3),(1,7),(1,10),(2,0),(2,1),(2,2),(2,3),(2,5),(2,10),(3,0),(3,1),(3,2),(3,3),(3,7),(3,10),(4,0),(4,7),(4,8),(4,10),(5,0),(5,4),(5,5),(5,6),(5,10),(6,0),(6,4),(6,5),(6,6),(6,10),(7,0),(7,1),(7,2),(7,3),(7,4),(7,5),(7,6),(7,7),(7,8),(7,9),(7,10)]
	Targets:[(1,6),(3,4),(5,3)]
	Player:(2,7)
	Boxes:[(1,5),(3,5),(5,2)]

ID:DCCA5FA5F8E8D62D24A349DC7187AB1E
	Rows:8
	Colums:11
	Walls:[(0,0),(0,1),(0,2),(0,3),(0,4),(0,5),(0,6),(0,7),(0,8),(0,9),(0,10),(1,0),(1,1),(1,2),(1,3),(1,7),(1,10),(2,0),(2,1),(2,2),(2,3),(2,5),(2,10),(3,0),(3,1),(3,2),(3,3),(3,7),(3,10),(4,0),(4,7),(4,8),(4,10),(5,0),(5,4),(5,5),(5,6),(5,10),(6,0),(6,4),(6,5),(6,6),(6,10),(7,0),(7,1),(7,2),(7,3),(7,4),(7,5),(7,6),(7,7),(7,8),(7,9),(7,10)]
	Targets:[(3,4),(4,3),(5,3)]
	Player:(4,4)
	Boxes:[(3,5),(4,5),(5,2)]

ID:6EFD284574AA36B691AB222CAD16945D
	Rows:8
	Colums:11
	Walls:[(0,0),(0,1),(0,2),(0,3),(0,4),(0,5),(0,6),(0,7),(0,8),(0,9),(0,10),(1,0),(1,1),(1,2),(1,3),(1,7),(1,10),(2,0),(2,1),(2,2),(2,3),(2,5),(2,10),(3,0),(3,1),(3,2),(3,3),(3,7),(3,10),(4,0),(4,7),(4,8),(4,10),(5,0),(5,4),(5,5),(5,6),(5,10),(6,0),(6,4),(6,5),(6,6),(6,10),(7,0),(7,1),(7,2),(7,3),(7,4),(7,5),(7,6),(7,7),(7,8),(7,9),(7,10)]
	Targets:[(3,4),(4,1),(4,2)]
	Player:(4,6)
	Boxes:[(3,5),(4,3),(5,2)]

ID:27ECA71288CD01111ABE965EDC44A918
	Rows:8
	Colums:11
	Walls:[(0,0),(0,1),(0,2),(0,3),(0,4),(0,5),(0,6),(0,7),(0,8),(0,9),(0,10),(1,0),(1,1),(1,2),(1,3),(1,7),(1,10),(2,0),(2,1),(2,2),(2,3),(2,5),(2,10),(3,0),(3,1),(3,2),(3,3),(3,7),(3,10),(4,0),(4,7),(4,8),(4,10),(5,0),(5,4),(5,5),(5,6),(5,10),(6,0),(6,4),(6,5),(6,6),(6,10),(7,0),(7,1),(7,2),(7,3),(7,4),(7,5),(7,6),(7,7),(7,8),(7,9),(7,10)]
	Targets:[(3,9),(4,1),(4,2)]
	Player:(6,1)
	Boxes:[(2,9),(3,5),(5,2)]

ID:B95664CC212E0694A0E85988C74D232B
	Rows:8
	Colums:11
	Walls:[(0,0),(0,1),(0,2),(0,3),(0,4),(0,5),(0,6),(0,7),(0,8),(0,9),(0,10),(1,0),(1,1),(1,2),(1,3),(1,7),(1,10),(2,0),(2,1),(2,2),(2,3),(2,5),(2,10),(3,0),(3,1),(3,2),(3,3),(3,7),(3,10),(4,0),(4,7),(4,8),(4,10),(5,0),(5,4),(5,5),(5,6),(5,10),(6,0),(6,4),(6,5),(6,6),(6,10),(7,0),(7,1),(7,2),(7,3),(7,4),(7,5),(7,6),(7,7),(7,8),(7,9),(7,10)]
	Targets:[(3,4),(3,8),(4,6)]
	Player:(1,9)
	Boxes:[(2,8),(3,5),(5,3)]

ID:E18AC1652B2D964653B110E2DA21227F
	Rows:8
	Colums:11
	Walls:[(0,0),(0,1),(0,2),(0,3),(0,4),(0,5),(0,6),(0,7),(0,8),(0,9),(0,10),(1,0),(1,1),(1,2),(1,3),(1,7),(1,10),(2,0),(2,1),(2,2),(2,3),(2,5),(2,10),(3,0),(3,1),(3,2),(3,3),(3,7),(3,10),(4,0),(4,7),(4,8),(4,10),(5,0),(5,4),(5,5),(5,6),(5,10),(6,0),(6,4),(6,5),(6,6),(6,10),(7,0),(7,1),(7,2),(7,3),(7,4),(7,5),(7,6),(7,7),(7,8),(7,9),(7,10)]
	Targets:[(3,4),(4,2),(6,9)]
	Player:(3,9)
	Boxes:[(3,5),(4,4),(5,8)]

ID:36C540DED66C1B3E9B4137C1C135B667
	Rows:8
	Colums:11
	Walls:[(0,0),(0,1),(0,2),(0,3),(0,4),(0,5),(0,6),(0,7),(0,8),(0,9),(0,10),(1,0),(1,1),(1,2),(1,3),(1,7),(1,10),(2,0),(2,1),(2,2),(2,3),(2,5),(2,10),(3,0),(3,1),(3,2),(3,3),(3,7),(3,10),(4,0),(4,7),(4,8),(4,10),(5,0),(5,4),(5,5),(5,6),(5,10),(6,0),(6,4),(6,5),(6,6),(6,10),(7,0),(7,1),(7,2),(7,3),(7,4),(7,5),(7,6),(7,7),(7,8),(7,9),(7,10)]
	Targets:[(4,2),(6,1),(6,9)]
	Player:(1,4)
	Boxes:[(5,1),(5,2),(5,8)]

ID:318B93ECE136A84F7A7216419BBCF0D0
	Rows:8
	Colums:11
	Walls:[(0,0),(0,1),(0,2),(0,3),(0,4),(0,5),(0,6),(0,7),(0,8),(0,9),(0,10),(1,0),(1,1),(1,2),(1,3),(1,7),(1,10),(2,0),(2,1),(2,2),(2,3),(2,5),(2,10),(3,0),(3,1),(3,2),(3,3),(3,7),(3,10),(4,0),(4,7),(4,8),(4,10),(5,0),(5,4),(5,5),(5,6),(5,10),(6,0),(6,4),(6,5),(6,6),(6,10),(7,0),(7,1),(7,2),(7,3),(7,4),(7,5),(7,6),(7,7),(7,8),(7,9),(7,10)]
	Targets:[(2,6),(4,4),(5,7)]
	Player:(6,3)
	Boxes:[(3,5),(4,5),(5,8)]

ID:248C2146C180B61C563519BDBA1FF702
	Rows:8
	Colums:11
	Walls:[(0,0),(0,1),(0,2),(0,3),(0,4),(0,5),(0,6),(0,7),(0,8),(0,9),(0,10),(1,0),(1,1),(1,2),(1,3),(1,7),(1,10),(2,0),(2,1),(2,2),(2,3),(2,5),(2,10),(3,0),(3,1),(3,2),(3,3),(3,7),(3,10),(4,0),(4,7),(4,8),(4,10),(5,0),(5,4),(5,5),(5,6),(5,10),(6,0),(6,4),(6,5),(6,6),(6,10),(7,0),(7,1),(7,2),(7,3),(7,4),(7,5),(7,6),(7,7),(7,8),(7,9),(7,10)]
	Targets:[(4,2),(5,7),(6,1)]
	Player:(4,1)
	Boxes:[(2,4),(5,1),(5,8)]

ID:BF19499E656EB1B7DC28DC773EAC03AC
	Rows:8
	Colums:11
	Walls:[(0,0),(0,1),(0,2),(0,3),(0,4),(0,5),(0,6),(0,7),(0,8),(0,9),(0,10),(1,0),(1,1),(1,2),(1,3),(1,7),(1,10),(2,0),(2,1),(2,2),(2,3),(2,5),(2,10),(3,0),(3,1),(3,2),(3,3),(3,7),(3,10),(4,0),(4,7),(4,8),(4,10),(5,0),(5,4),(5,5),(5,6),(5,10),(6,0),(6,4),(6,5),(6,6),(6,10),(7,0),(7,1),(7,2),(7,3),(7,4),(7,5),(7,6),(7,7),(7,8),(7,9),(7,10)]
	Targets:[(3,4),(4,1),(5,9)]
	Player:(4,9)
	Boxes:[(3,5),(4,2),(5,8)]

ID:021386320604AC04C40D836A67887A3E
	Rows:8
	Colums:11
	Walls:[(0,0),(0,1),(0,2),(0,3),(0,4),(0,5),(0,6),(0,7),(0,8),(0,9),(0,10),(1,0),(1,1),(1,2),(1,3),(1,7),(1,10),(2,0),(2,1),(2,2),(2,3),(2,5),(2,10),(3,0),(3,1),(3,2),(3,3),(3,7),(3,10),(4,0),(4,7),(4,8),(4,10),(5,0),(5,4),(5,5),(5,6),(5,10),(6,0),(6,4),(6,5),(6,6),(6,10),(7,0),(7,1),(7,2),(7,3),(7,4),(7,5),(7,6),(7,7),(7,8),(7,9),(7,10)]
	Targets:[(4,1),(4,2),(6,2)]
	Player:(4,5)
	Boxes:[(3,5),(5,1),(5,2)]

ID:71869FC664DA1B8DE917EB268BDE272E
	Rows:8
	Colums:11
	Walls:[(0,0),(0,1),(0,2),(0,3),(0,4),(0,5),(0,6),(0,7),(0,8),(0,9),(0,10),(1,0),(1,1),(1,2),(1,3),(1,7),(1,10),(2,0),(2,1),(2,2),(2,3),(2,5),(2,10),(3,0),(3,1),(3,2),(3,3),(3,7),(3,10),(4,0),(4,7),(4,8),(4,10),(5,0),(5,4),(5,5),(5,6),(5,10),(6,0),(6,4),(6,5),(6,6),(6,10),(7,0),(7,1),(7,2),(7,3),(7,4),(7,5),(7,6),(7,7),(7,8),(7,9),(7,10)]
	Targets:[(3,6),(4,6),(4,9)]
	Player:(6,7)
	Boxes:[(3,4),(3,5),(5,8)]

ID:76334FC1C4E5D2E2E791B77B220981A9
	Rows:8
	Colums:11
	Walls:[(0,0),(0,1),(0,2),(0,3),(0,4),(0,5),(0,6),(0,7),(0,8),(0,9),(0,10),(1,0),(1,1),(1,2),(1,3),(1,7),(1,10),(2,0),(2,1),(2,2),(2,3),(2,5),(2,10),(3,0),(3,1),(3,2),(3,3),(3,7),(3,10),(4,0),(4,7),(4,8),(4,10),(5,0),(5,4),(5,5),(5,6),(5,10),(6,0),(6,4),(6,5),(6,6),(6,10),(7,0),(7,1),(7,2),(7,3),(7,4),(7,5),(7,6),(7,7),(7,8),(7,9),(7,10)]
	Targets:[(2,6),(4,4),(6,1)]
	Player:(1,4)
	Boxes:[(2,4),(3,5),(5,1)]

ID:0D6DA357118D71066441ADE06DF0E98E
	Rows:8
	Colums:11
	Walls:[(0,0),(0,1),(0,2),(0,3),(0,4),(0,5),(0,6),(0,7),(0,8),(0,9),(0,10),(1,0),(1,1),(1,2),(1,3),(1,7),(1,10),(2,0),(2,1),(2,2),(2,3),(2,5),(2,10),(3,0),(3,1),(3,2),(3,3),(3,7),(3,10),(4,0),(4,7),(4,8),(4,10),(5,0),(5,4),(5,5),(5,6),(5,10),(6,0),(6,4),(6,5),(6,6),(6,10),(7,0),(7,1),(7,2),(7,3),(7,4),(7,5),(7,6),(7,7),(7,8),(7,9),(7,10)]
	Targets:[(1,4),(4,1),(6,7)]
	Player:(5,3)
	Boxes:[(3,5),(4,3),(6,8)]

ID:55463D151DF7DB8BDD6F015B20D067EC
	Rows:8
	Colums:11
	Walls:[(0,0),(0,1),(0,2),(0,3),(0,4),(0,5),(0,6),(0,7),(0,8),(0,9),(0,10),(1,0),(1,1),(1,2),(1,3),(1,7),(1,10),(2,0),(2,1),(2,2),(2,3),(2,5),(2,10),(3,0),(3,1),(3,2),(3,3),(3,7),(3,10),(4,0),(4,7),(4,8),(4,10),(5,0),(5,4),(5,5),(5,6),(5,10),(6,0),(6,4),(6,5),(6,6),(6,10),(7,0),(7,1),(7,2),(7,3),(7,4),(7,5),(7,6),(7,7),(7,8),(7,9),(7,10)]
	Targets:[(1,6),(3,9),(4,2)]
	Player:(4,6)
	Boxes:[(2,9),(3,5),(4,3)]

ID:7B7E63A954E7BC619FAF96F54AEC508F
	Rows:8
	Colums:11
	Walls:[(0,0),(0,1),(0,2),(0,3),(0,4),(0,5),(0,6),(0,7),(0,8),(0,9),(0,10),(1,0),(1,1),(1,2),(1,3),(1,7),(1,10),(2,0),(2,1),(2,2),(2,3),(2,5),(2,10),(3,0),(3,1),(3,2),(3,3),(3,7),(3,10),(4,0),(4,7),(4,8),(4,10),(5,0),(5,4),(5,5),(5,6),(5,10),(6,0),(6,4),(6,5),(6,6),(6,10),(7,0),(7,1),(7,2),(7,3),(7,4),(7,5),(7,6),(7,7),(7,8),(7,9),(7,10)]
	Targets:[(1,6),(3,8),(4,1)]
	Player:(1,9)
	Boxes:[(2,8),(3,4),(3,5)]

ID:6E300C1EF0BB8FA1BB72C6857BB99258
	Rows:8
	Colums:11
	Walls:[(0,0),(0,1),(0,2),(0,3),(0,4),(0,5),(0,6),(0,7),(0,8),(0,9),(0,10),(1,0),(1,1),(1,2),(1,3),(1,7),(1,10),(2,0),(2,1),(2,2),(2,3),(2,5),(2,10),(3,0),(3,1),(3,2),(3,3),(3,7),(3,10),(4,0),(4,7),(4,8),(4,10),(5,0),(5,4),(5,5),(5,6),(5,10),(6,0),(6,4),(6,5),(6,6),(6,10),(7,0),(7,1),(7,2),(7,3),(7,4),(7,5),(7,6),(7,7),(7,8),(7,9),(7,10)]
	Targets:[(2,4),(4,4),(6,9)]
	Player:(4,1)
	Boxes:[(3,5),(4,3),(4,9)]

ID:78DF602BF8AF1A03AC17D6AAA4B82C00
	Rows:8
	Colums:11
	Walls:[(0,0),(0,1),(0,2),(0,3),(0,4),(0,5),(0,6),(0,7),(0,8),(0,9),(0,10),(1,0),(1,1),(1,2),(1,3),(1,7),(1,10),(2,0),(2,1),(2,2),(2,3),(2,5),(2,10),(3,0),(3,1),(3,2),(3,3),(3,7),(3,10),(4,0),(4,7),(4,8),(4,10),(5,0),(5,4),(5,5),(5,6),(5,10),(6,0),(6,4),(6,5),(6,6),(6,10),(7,0),(7,1),(7,2),(7,3),(7,4),(7,5),(7,6),(7,7),(7,8),(7,9),(7,10)]
	Targets:[(1,6),(4,1),(4,9)]
	Player:(2,6)
	Boxes:[(2,8),(3,5),(4,5)]

ID:8D0EFAB19B21D4BD8F0E3F468E44A882
	Rows:8
	Colums:11
	Walls:[(0,0),(0,1),(0,2),(0,3),(0,4),(0,5),(0,6),(0,7),(0,8),(0,9),(0,10),(1,0),(1,1),(1,2),(1,3),(1,7),(1,10),(2,0),(2,1),(2,2),(2,3),(2,5),(2,10),(3,0),(3,1),(3,2),(3,3),(3,7),(3,10),(4,0),(4,7),(4,8),(4,10),(5,0),(5,4),(5,5),(5,6),(5,10),(6,0),(6,4),(6,5),(6,6),(6,10),(7,0),(7,1),(7,2),(7,3),(7,4),(7,5),(7,6),(7,7),(7,8),(7,9),(7,10)]
	Targets:[(4,1),(4,4),(4,9)]
	Player:(5,3)
	Boxes:[(3,5),(3,9),(4,3)]

ID:05E4EC04B404427B3ADFE0EC852F57E3
	Rows:8
	Colums:11
	Walls:[(0,0),(0,1),(0,2),(0,3),(0,4),(0,5),(0,6),(0,7),(0,8),(0,9),(0,10),(1,0),(1,1),(1,2),(1,3),(1,7),(1,10),(2,0),(2,1),(2,2),(2,3),(2,5),(2,10),(3,0),(3,1),(3,2),(3,3),(3,7),(3,10),(4,0),(4,7),(4,8),(4,10),(5,0),(5,4),(5,5),(5,6),(5,10),(6,0),(6,4),(6,5),(6,6),(6,10),(7,0),(7,1),(7,2),(7,3),(7,4),(7,5),(7,6),(7,7),(7,8),(7,9),(7,10)]
	Targets:[(1,6),(1,9),(4,1)]
	Player:(1,5)
	Boxes:[(2,6),(2,7),(5,2)]

ID:9EBB0D07EDEEAD522148BFBA35468614
	Rows:8
	Colums:11
	Walls:[(0,0),(0,1),(0,2),(0,3),(0,4),(0,5),(0,6),(0,7),(0,8),(0,9),(0,10),(1,0),(1,1),(1,2),(1,3),(1,7),(1,10),(2,0),(2,1),(2,2),(2,3),(2,5),(2,10),(3,0),(3,1),(3,2),(3,3),(3,7),(3,10),(4,0),(4,7),(4,8),(4,10),(5,0),(5,4),(5,5),(5,6),(5,10),(6,0),(6,4),(6,5),(6,6),(6,10),(7,0),(7,1),(7,2),(7,3),(7,4),(7,5),(7,6),(7,7),(7,8),(7,9),(7,10)]
	Targets:[(1,9),(4,1),(4,3)]
	Player:(3,6)
	Boxes:[(2,4),(2,7),(3,5)]

ID:45D8FF22106FEE9BEB563E8E03512F9C
	Rows:8
	Colums:11
	Walls:[(0,0),(0,1),(0,2),(0,3),(0,4),(0,5),(0,6),(0,7),(0,8),(0,9),(0,10),(1,0),(1,1),(1,2),(1,3),(1,7),(1,10),(2,0),(2,1),(2,2),(2,3),(2,5),(2,10),(3,0),(3,1),(3,2),(3,3),(3,7),(3,10),(4,0),(4,7),(4,8),(4,10),(5,0),(5,4),(5,5),(5,6),(5,10),(6,0),(6,4),(6,5),(6,6),(6,10),(7,0),(7,1),(7,2),(7,3),(7,4),(7,5),(7,6),(7,7),(7,8),(7,9),(7,10)]
	Targets:[(1,9),(5,1),(6,9)]
	Player:(4,6)
	Boxes:[(2,7),(4,9),(5,2)]

ID:304DB1431FB457EEE5F7A8898FCF3741
	Rows:8
	Colums:11
	Walls:[(0,0),(0,1),(0,2),(0,3),(0,4),(0,5),(0,6),(0,7),(0,8),(0,9),(0,10),(1,0),(1,1),(1,2),(1,3),(1,7),(1,10),(2,0),(2,1),(2,2),(2,3),(2,5),(2,10),(3,0),(3,1),(3,2),(3,3),(3,7),(3,10),(4,0),(4,7),(4,8),(4,10),(5,0),(5,4),(5,5),(5,6),(5,10),(6,0),(6,4),(6,5),(6,6),(6,10),(7,0),(7,1),(7,2),(7,3),(7,4),(7,5),(7,6),(7,7),(7,8),(7,9),(7,10)]
	Targets:[(4,2),(4,4),(6,9)]
	Player:(5,3)
	Boxes:[(2,7),(3,4),(5,2)]

ID:B11ED970B84E0B2A2FC5AACBA109A3DD
	Rows:8
	Colums:11
	Walls:[(0,0),(0,1),(0,2),(0,3),(0,4),(0,5),(0,6),(0,7),(0,8),(0,9),(0,10),(1,0),(1,1),(1,2),(1,3),(1,7),(1,10),(2,0),(2,1),(2,2),(2,3),(2,5),(2,10),(3,0),(3,1),(3,2),(3,3),(3,7),(3,10),(4,0),(4,7),(4,8),(4,10),(5,0),(5,4),(5,5),(5,6),(5,10),(6,0),(6,4),(6,5),(6,6),(6,10),(7,0),(7,1),(7,2),(7,3),(7,4),(7,5),(7,6),(7,7),(7,8),(7,9),(7,10)]
	Targets:[(1,4),(4,3),(5,3)]
	Player:(1,8)
	Boxes:[(2,4),(4,4),(5,2)]

ID:D09B18D4795B92BFDAB2E0DD2C27B9B0
	Rows:8
	Colums:11
	Walls:[(0,0),(0,1),(0,2),(0,3),(0,4),(0,5),(0,6),(0,7),(0,8),(0,9),(0,10),(1,0),(1,1),(1,2),(1,3),(1,7),(1,10),(2,0),(2,1),(2,2),(2,3),(2,5),(2,10),(3,0),(3,1),(3,2),(3,3),(3,7),(3,10),(4,0),(4,7),(4,8),(4,10),(5,0),(5,4),(5,5),(5,6),(5,10),(6,0),(6,4),(6,5),(6,6),(6,10),(7,0),(7,1),(7,2),(7,3),(7,4),(7,5),(7,6),(7,7),(7,8),(7,9),(7,10)]
	Targets:[(4,3),(4,4),(5,3)]
	Player:(3,4)
	Boxes:[(2,4),(3,5),(5,2)]

ID:477B45B5A54E474FD8C8E1B30D904D24
	Rows:8
	Colums:11
	Walls:[(0,0),(0,1),(0,2),(0,3),(0,4),(0,5),(0,6),(0,7),(0,8),(0,9),(0,10),(1,0),(1,1),(1,2),(1,3),(1,7),(1,10),(2,0),(2,1),(2,2),(2,3),(2,5),(2,10),(3,0),(3,1),(3,2),(3,3),(3,7),(3,10),(4,0),(4,7),(4,8),(4,10),(5,0),(5,4),(5,5),(5,6),(5,10),(6,0),(6,4),(6,5),(6,6),(6,10),(7,0),(7,1),(7,2),(7,3),(7,4),(7,5),(7,6),(7,7),(7,8),(7,9),(7,10)]
	Targets:[(2,6),(4,4),(6,2)]
	Player:(1,4)
	Boxes:[(2,4),(3,6),(5,2)]

ID:304DB1431FB457EEE5F7A8898FCF3741
	Rows:8
	Colums:11
	Walls:[(0,0),(0,1),(0,2),(0,3),(0,4),(0,5),(0,6),(0,7),(0,8),(0,9),(0,10),(1,0),(1,1),(1,2),(1,3),(1,7),(1,10),(2,0),(2,1),(2,2),(2,3),(2,5),(2,10),(3,0),(3,1),(3,2),(3,3),(3,7),(3,10),(4,0),(4,7),(4,8),(4,10),(5,0),(5,4),(5,5),(5,6),(5,10),(6,0),(6,4),(6,5),(6,6),(6,10),(7,0),(7,1),(7,2),(7,3),(7,4),(7,5),(7,6),(7,7),(7,8),(7,9),(7,10)]
	Targets:[(4,1),(4,9),(6,3)]
	Player:(5,3)
	Boxes:[(2,7),(3,4),(5,2)]

ID:16FE198ECAAF23B1AAF15EE3FA89623C
	Rows:8
	Colums:11
	Walls:[(0,0),(0,1),(0,2),(0,3),(0,4),(0,5),(0,6),(0,7),(0,8),(0,9),(0,10),(1,0),(1,1),(1,2),(1,3),(1,7),(1,10),(2,0),(2,1),(2,2),(2,3),(2,5),(2,10),(3,0),(3,1),(3,2),(3,3),(3,7),(3,10),(4,0),(4,7),(4,8),(4,10),(5,0),(5,4),(5,5),(5,6),(5,10),(6,0),(6,4),(6,5),(6,6),(6,10),(7,0),(7,1),(7,2),(7,3),(7,4),(7,5),(7,6),(7,7),(7,8),(7,9),(7,10)]
	Targets:[(2,6),(2,9),(4,1)]
	Player:(5,3)
	Boxes:[(2,7),(3,6),(5,2)]

ID:0B076687C3F16D31AFE95BB889858A44
	Rows:8
	Colums:11
	Walls:[(0,0),(0,1),(0,2),(0,3),(0,4),(0,5),(0,6),(0,7),(0,8),(0,9),(0,10),(1,0),(1,1),(1,2),(1,3),(1,7),(1,10),(2,0),(2,1),(2,2),(2,3),(2,5),(2,10),(3,0),(3,1),(3,2),(3,3),(3,7),(3,10),(4,0),(4,7),(4,8),(4,10),(5,0),(5,4),(5,5),(5,6),(5,10),(6,0),(6,4),(6,5),(6,6),(6,10),(7,0),(7,1),(7,2),(7,3),(7,4),(7,5),(7,6),(7,7),(7,8),(7,9),(7,10)]
	Targets:[(1,4),(1,9),(5,3)]
	Player:(5,1)
	Boxes:[(3,5),(5,2),(5,8)]

ID:B8AFBDF40C60FB74CEE3BDEF5EEBCED0
	Rows:8
	Colums:11
	Walls:[(0,0),(0,1),(0,2),(0,3),(0,4),(0,5),(0,6),(0,7),(0,8),(0,9),(0,10),(1,0),(1,1),(1,2),(1,3),(1,7),(1,10),(2,0),(2,1),(2,2),(2,3),(2,5),(2,10),(3,0),(3,1),(3,2),(3,3),(3,7),(3,10),(4,0),(4,7),(4,8),(4,10),(5,0),(5,4),(5,5),(5,6),(5,10),(6,0),(6,4),(6,5),(6,6),(6,10),(7,0),(7,1),(7,2),(7,3),(7,4),(7,5),(7,6),(7,7),(7,8),(7,9),(7,10)]
	Targets:[(1,6),(4,3),(4,6)]
	Player:(6,8)
	Boxes:[(3,6),(5,2),(5,3)]

ID:01D1E212E39FCE72EF99AC06322E3388
	Rows:8
	Colums:11
	Walls:[(0,0),(0,1),(0,2),(0,3),(0,4),(0,5),(0,6),(0,7),(0,8),(0,9),(0,10),(1,0),(1,1),(1,2),(1,3),(1,7),(1,10),(2,0),(2,1),(2,2),(2,3),(2,5),(2,10),(3,0),(3,1),(3,2),(3,3),(3,7),(3,10),(4,0),(4,7),(4,8),(4,10),(5,0),(5,4),(5,5),(5,6),(5,10),(6,0),(6,4),(6,5),(6,6),(6,10),(7,0),(7,1),(7,2),(7,3),(7,4),(7,5),(7,6),(7,7),(7,8),(7,9),(7,10)]
	Targets:[(1,6),(4,1),(6,9)]
	Player:(6,3)
	Boxes:[(3,6),(5,2),(5,9)]

ID:0AAF26B52A67D6E838BA1201AA88E8DB
	Rows:8
	Colums:11
	Walls:[(0,0),(0,1),(0,2),(0,3),(0,4),(0,5),(0,6),(0,7),(0,8),(0,9),(0,10),(1,0),(1,1),(1,2),(1,3),(1,7),(1,10),(2,0),(2,1),(2,2),(2,3),(2,5),(2,10),(3,0),(3,1),(3,2),(3,3),(3,7),(3,10),(4,0),(4,7),(4,8),(4,10),(5,0),(5,4),(5,5),(5,6),(5,10),(6,0),(6,4),(6,5),(6,6),(6,10),(7,0),(7,1),(7,2),(7,3),(7,4),(7,5),(7,6),(7,7),(7,8),(7,9),(7,10)]
	Targets:[(1,6),(4,4),(5,9)]
	Player:(5,7)
	Boxes:[(3,4),(3,6),(5,8)]

ID:8CB977716E4C36477F2CB5799C409097
	Rows:8
	Colums:11
	Walls:[(0,0),(0,1),(0,2),(0,3),(0,4),(0,5),(0,6),(0,7),(0,8),(0,9),(0,10),(1,0),(1,1),(1,2),(1,3),(1,7),(1,10),(2,0),(2,1),(2,2),(2,3),(2,5),(2,10),(3,0),(3,1),(3,2),(3,3),(3,7),(3,10),(4,0),(4,7),(4,8),(4,10),(5,0),(5,4),(5,5),(5,6),(5,10),(6,0),(6,4),(6,5),(6,6),(6,10),(7,0),(7,1),(7,2),(7,3),(7,4),(7,5),(7,6),(7,7),(7,8),(7,9),(7,10)]
	Targets:[(1,6),(4,1),(5,1)]
	Player:(4,2)
	Boxes:[(3,6),(5,2),(5,3)]

ID:93F2E1C67B2C1718910385B39DD7CCB7
	Rows:8
	Colums:11
	Walls:[(0,0),(0,1),(0,2),(0,3),(0,4),(0,5),(0,6),(0,7),(0,8),(0,9),(0,10),(1,0),(1,1),(1,2),(1,3),(1,7),(1,10),(2,0),(2,1),(2,2),(2,3),(2,5),(2,10),(3,0),(3,1),(3,2),(3,3),(3,7),(3,10),(4,0),(4,7),(4,8),(4,10),(5,0),(5,4),(5,5),(5,6),(5,10),(6,0),(6,4),(6,5),(6,6),(6,10),(7,0),(7,1),(7,2),(7,3),(7,4),(7,5),(7,6),(7,7),(7,8),(7,9),(7,10)]
	Targets:[(1,4),(1,6),(4,5)]
	Player:(5,7)
	Boxes:[(1,5),(3,5),(4,4)]

ID:E9EE846960C890FFCCC3E32B70D90465
	Rows:8
	Colums:11
	Walls:[(0,0),(0,1),(0,2),(0,3),(0,4),(0,5),(0,6),(0,7),(0,8),(0,9),(0,10),(1,0),(1,1),(1,2),(1,3),(1,7),(1,10),(2,0),(2,1),(2,2),(2,3),(2,5),(2,10),(3,0),(3,1),(3,2),(3,3),(3,7),(3,10),(4,0),(4,7),(4,8),(4,10),(5,0),(5,4),(5,5),(5,6),(5,10),(6,0),(6,4),(6,5),(6,6),(6,10),(7,0),(7,1),(7,2),(7,3),(7,4),(7,5),(7,6),(7,7),(7,8),(7,9),(7,10)]
	Targets:[(3,4),(4,2),(6,9)]
	Player:(2,4)
	Boxes:[(2,7),(3,5),(4,5)]

ID:C67AC50829D140C451425A4366E979EE
	Rows:8
	Colums:11
	Walls:[(0,0),(0,1),(0,2),(0,3),(0,4),(0,5),(0,6),(0,7),(0,8),(0,9),(0,10),(1,0),(1,1),(1,2),(1,3),(1,7),(1,10),(2,0),(2,1),(2,2),(2,3),(2,5),(2,10),(3,0),(3,1),(3,2),(3,3),(3,7),(3,10),(4,0),(4,7),(4,8),(4,10),(5,0),(5,4),(5,5),(5,6),(5,10),(6,0),(6,4),(6,5),(6,6),(6,10),(7,0),(7,1),(7,2),(7,3),(7,4),(7,5),(7,6),(7,7),(7,8),(7,9),(7,10)]
	Targets:[(3,4),(3,9),(4,6)]
	Player:(5,1)
	Boxes:[(2,7),(3,5),(4,3)]

ID:BD9249EFDF289DAFCD8E63A0D16B9040
	Rows:8
	Colums:11
	Walls:[(0,0),(0,1),(0,2),(0,3),(0,4),(0,5),(0,6),(0,7),(0,8),(0,9),(0,10),(1,0),(1,1),(1,2),(1,3),(1,7),(1,10),(2,0),(2,1),(2,2),(2,3),(2,5),(2,10),(3,0),(3,1),(3,2),(3,3),(3,7),(3,10),(4,0),(4,7),(4,8),(4,10),(5,0),(5,4),(5,5),(5,6),(5,10),(6,0),(6,4),(6,5),(6,6),(6,10),(7,0),(7,1),(7,2),(7,3),(7,4),(7,5),(7,6),(7,7),(7,8),(7,9),(7,10)]
	Targets:[(2,4),(2,7),(4,6)]
	Player:(1,5)
	Boxes:[(2,7),(3,4),(4,4)]

ID:156A8D1658B672C0ED76E9BD28C46503
	Rows:8
	Colums:11
	Walls:[(0,0),(0,1),(0,2),(0,3),(0,4),(0,5),(0,6),(0,7),(0,8),(0,9),(0,10),(1,0),(1,1),(1,2),(1,3),(1,7),(1,10),(2,0),(2,1),(2,2),(2,3),(2,5),(2,10),(3,0),(3,1),(3,2),(3,3),(3,7),(3,10),(4,0),(4,7),(4,8),(4,10),(5,0),(5,4),(5,5),(5,6),(5,10),(6,0),(6,4),(6,5),(6,6),(6,10),(7,0),(7,1),(7,2),(7,3),(7,4),(7,5),(7,6),(7,7),(7,8),(7,9),(7,10)]
	Targets:[(1,4),(1,6),(6,9)]
	Player:(2,6)
	Boxes:[(1,5),(2,7),(3,5)]

ID:D7DBDA9FF1A768B8F720A8EAD74B419E
	Rows:8
	Colums:11
	Walls:[(0,0),(0,1),(0,2),(0,3),(0,4),(0,5),(0,6),(0,7),(0,8),(0,9),(0,10),(1,0),(1,1),(1,2),(1,3),(1,7),(1,10),(2,0),(2,1),(2,2),(2,3),(2,5),(2,10),(3,0),(3,1),(3,2),(3,3),(3,7),(3,10),(4,0),(4,7),(4,8),(4,10),(5,0),(5,4),(5,5),(5,6),(5,10),(6,0),(6,4),(6,5),(6,6),(6,10),(7,0),(7,1),(7,2),(7,3),(7,4),(7,5),(7,6),(7,7),(7,8),(7,9),(7,10)]
	Targets:[(2,8),(4,6),(6,1)]
	Player:(3,4)
	Boxes:[(2,7),(4,4),(6,2)]

ID:DD3D5D2FFBF019CF7796813ABDE1D786
	Rows:8
	Colums:11
	Walls:[(0,0),(0,1),(0,2),(0,3),(0,4),(0,5),(0,6),(0,7),(0,8),(0,9),(0,10),(1,0),(1,1),(1,2),(1,3),(1,7),(1,10),(2,0),(2,1),(2,2),(2,3),(2,5),(2,10),(3,0),(3,1),(3,2),(3,3),(3,7),(3,10),(4,0),(4,7),(4,8),(4,10),(5,0),(5,4),(5,5),(5,6),(5,10),(6,0),(6,4),(6,5),(6,6),(6,10),(7,0),(7,1),(7,2),(7,3),(7,4),(7,5),(7,6),(7,7),(7,8),(7,9),(7,10)]
	Targets:[(2,4),(4,6),(4,9)]
	Player:(4,3)
	Boxes:[(2,7),(3,5),(5,3)]

ID:F12D123BEEB19DFEC9DEB265DED4996C
	Rows:8
	Colums:11
	Walls:[(0,0),(0,1),(0,2),(0,3),(0,4),(0,5),(0,6),(0,7),(0,8),(0,9),(0,10),(1,0),(1,1),(1,2),(1,3),(1,7),(1,10),(2,0),(2,1),(2,2),(2,3),(2,5),(2,10),(3,0),(3,1),(3,2),(3,3),(3,7),(3,10),(4,0),(4,7),(4,8),(4,10),(5,0),(5,4),(5,5),(5,6),(5,10),(6,0),(6,4),(6,5),(6,6),(6,10),(7,0),(7,1),(7,2),(7,3),(7,4),(7,5),(7,6),(7,7),(7,8),(7,9),(7,10)]
	Targets:[(1,4),(3,6),(4,6)]
	Player:(6,1)
	Boxes:[(1,5),(3,5),(5,2)]

ID:617FFF59C23A4FFE27BA40DEBD8FC963
	Rows:8
	Colums:11
	Walls:[(0,0),(0,1),(0,2),(0,3),(0,4),(0,5),(0,6),(0,7),(0,8),(0,9),(0,10),(1,0),(1,1),(1,2),(1,3),(1,7),(1,10),(2,0),(2,1),(2,2),(2,3),(2,5),(2,10),(3,0),(3,1),(3,2),(3,3),(3,7),(3,10),(4,0),(4,7),(4,8),(4,10),(5,0),(5,4),(5,5),(5,6),(5,10),(6,0),(6,4),(6,5),(6,6),(6,10),(7,0),(7,1),(7,2),(7,3),(7,4),(7,5),(7,6),(7,7),(7,8),(7,9),(7,10)]
	Targets:[(1,6),(2,4),(5,1)]
	Player:(6,2)
	Boxes:[(3,5),(3,6),(5,2)]

ID:1DEB495EF693621C339200F3A5D1669F
	Rows:8
	Colums:11
	Walls:[(0,0),(0,1),(0,2),(0,3),(0,4),(0,5),(0,6),(0,7),(0,8),(0,9),(0,10),(1,0),(1,1),(1,2),(1,3),(1,7),(1,10),(2,0),(2,1),(2,2),(2,3),(2,5),(2,10),(3,0),(3,1),(3,2),(3,3),(3,7),(3,10),(4,0),(4,7),(4,8),(4,10),(5,0),(5,4),(5,5),(5,6),(5,10),(6,0),(6,4),(6,5),(6,6),(6,10),(7,0),(7,1),(7,2),(7,3),(7,4),(7,5),(7,6),(7,7),(7,8),(7,9),(7,10)]
	Targets:[(1,6),(3,4),(4,1)]
	Player:(1,8)
	Boxes:[(1,5),(3,5),(5,2)]

ID:215898B966030381A961ADBC6D20FB78
	Rows:8
	Colums:11
	Walls:[(0,0),(0,1),(0,2),(0,3),(0,4),(0,5),(0,6),(0,7),(0,8),(0,9),(0,10),(1,0),(1,1),(1,2),(1,3),(1,7),(1,10),(2,0),(2,1),(2,2),(2,3),(2,5),(2,10),(3,0),(3,1),(3,2),(3,3),(3,7),(3,10),(4,0),(4,7),(4,8),(4,10),(5,0),(5,4),(5,5),(5,6),(5,10),(6,0),(6,4),(6,5),(6,6),(6,10),(7,0),(7,1),(7,2),(7,3),(7,4),(7,5),(7,6),(7,7),(7,8),(7,9),(7,10)]
	Targets:[(1,6),(4,1),(6,1)]
	Player:(6,9)
	Boxes:[(3,5),(5,2),(6,2)]

ID:64FF79A572C1ABC0EB6C1E2B073FD13A
	Rows:8
	Colums:11
	Walls:[(0,0),(0,1),(0,2),(0,3),(0,4),(0,5),(0,6),(0,7),(0,8),(0,9),(0,10),(1,0),(1,1),(1,2),(1,3),(1,7),(1,10),(2,0),(2,1),(2,2),(2,3),(2,5),(2,10),(3,0),(3,1),(3,2),(3,3),(3,7),(3,10),(4,0),(4,7),(4,8),(4,10),(5,0),(5,4),(5,5),(5,6),(5,10),(6,0),(6,4),(6,5),(6,6),(6,10),(7,0),(7,1),(7,2),(7,3),(7,4),(7,5),(7,6),(7,7),(7,8),(7,9),(7,10)]
	Targets:[(1,6),(1,9),(2,6)]
	Player:(1,5)
	Boxes:[(2,7),(3,5),(3,6)]

ID:BCACE834D67256DD3B39E4764D45D7EF
	Rows:8
	Colums:11
	Walls:[(0,0),(0,1),(0,2),(0,3),(0,4),(0,5),(0,6),(0,7),(0,8),(0,9),(0,10),(1,0),(1,1),(1,2),(1,3),(1,7),(1,10),(2,0),(2,1),(2,2),(2,3),(2,5),(2,10),(3,0),(3,1),(3,2),(3,3),(3,7),(3,10),(4,0),(4,7),(4,8),(4,10),(5,0),(5,4),(5,5),(5,6),(5,10),(6,0),(6,4),(6,5),(6,6),(6,10),(7,0),(7,1),(7,2),(7,3),(7,4),(7,5),(7,6),(7,7),(7,8),(7,9),(7,10)]
	Targets:[(4,4),(4,6),(5,1)]
	Player:(4,3)
	Boxes:[(3,5),(4,5),(5,2)]

ID:0120906BC878B579070E3E875C873638
	Rows:8
	Colums:11
	Walls:[(0,0),(0,1),(0,2),(0,3),(0,4),(0,5),(0,6),(0,7),(0,8),(0,9),(0,10),(1,0),(1,1),(1,2),(1,3),(1,7),(1,10),(2,0),(2,1),(2,2),(2,3),(2,5),(2,10),(3,0),(3,1),(3,2),(3,3),(3,7),(3,10),(4,0),(4,7),(4,8),(4,10),(5,0),(5,4),(5,5),(5,6),(5,10),(6,0),(6,4),(6,5),(6,6),(6,10),(7,0),(7,1),(7,2),(7,3),(7,4),(7,5),(7,6),(7,7),(7,8),(7,9),(7,10)]
	Targets:[(2,4),(4,6),(6,9)]
	Player:(4,5)
	Boxes:[(2,7),(3,4),(3,5)]

ID:7BCDC110F418167B1DEC28C89BFA23FA
	Rows:8
	Colums:11
	Walls:[(0,0),(0,1),(0,2),(0,3),(0,4),(0,5),(0,6),(0,7),(0,8),(0,9),(0,10),(1,0),(1,1),(1,2),(1,3),(1,7),(1,10),(2,0),(2,1),(2,2),(2,3),(2,5),(2,10),(3,0),(3,1),(3,2),(3,3),(3,7),(3,10),(4,0),(4,7),(4,8),(4,10),(5,0),(5,4),(5,5),(5,6),(5,10),(6,0),(6,4),(6,5),(6,6),(6,10),(7,0),(7,1),(7,2),(7,3),(7,4),(7,5),(7,6),(7,7),(7,8),(7,9),(7,10)]
	Targets:[(2,6),(4,2),(6,1)]
	Player:(1,4)
	Boxes:[(3,4),(3,5),(5,2)]

ID:A971BAB4979386826B03156F27BF1D99
	Rows:8
	Colums:11
	Walls:[(0,0),(0,1),(0,2),(0,3),(0,4),(0,5),(0,6),(0,7),(0,8),(0,9),(0,10),(1,0),(1,1),(1,2),(1,3),(1,7),(1,10),(2,0),(2,1),(2,2),(2,3),(2,5),(2,10),(3,0),(3,1),(3,2),(3,3),(3,7),(3,10),(4,0),(4,7),(4,8),(4,10),(5,0),(5,4),(5,5),(5,6),(5,10),(6,0),(6,4),(6,5),(6,6),(6,10),(7,0),(7,1),(7,2),(7,3),(7,4),(7,5),(7,6),(7,7),(7,8),(7,9),(7,10)]
	Targets:[(1,4),(6,3),(6,9)]
	Player:(6,1)
	Boxes:[(3,5),(5,2),(6,8)]

ID:2943865E625CB2B905FC7ECA9CCC233C
	Rows:8
	Colums:11
	Walls:[(0,0),(0,1),(0,2),(0,3),(0,4),(0,5),(0,6),(0,7),(0,8),(0,9),(0,10),(1,0),(1,1),(1,2),(1,3),(1,7),(1,10),(2,0),(2,1),(2,2),(2,3),(2,5),(2,10),(3,0),(3,1),(3,2),(3,3),(3,7),(3,10),(4,0),(4,7),(4,8),(4,10),(5,0),(5,4),(5,5),(5,6),(5,10),(6,0),(6,4),(6,5),(6,6),(6,10),(7,0),(7,1),(7,2),(7,3),(7,4),(7,5),(7,6),(7,7),(7,8),(7,9),(7,10)]
	Targets:[(5,9),(6,1),(6,9)]
	Player:(4,5)
	Boxes:[(2,7),(5,2),(6,8)]

ID:DE6605D108133C2E529D8916B1DF14D6
	Rows:8
	Colums:11
	Walls:[(0,0),(0,1),(0,2),(0,3),(0,4),(0,5),(0,6),(0,7),(0,8),(0,9),(0,10),(1,0),(1,1),(1,2),(1,3),(1,7),(1,10),(2,0),(2,1),(2,2),(2,3),(2,5),(2,10),(3,0),(3,1),(3,2),(3,3),(3,7),(3,10),(4,0),(4,7),(4,8),(4,10),(5,0),(5,4),(5,5),(5,6),(5,10),(6,0),(6,4),(6,5),(6,6),(6,10),(7,0),(7,1),(7,2),(7,3),(7,4),(7,5),(7,6),(7,7),(7,8),(7,9),(7,10)]
	Targets:[(2,4),(5,9),(6,1)]
	Player:(1,4)
	Boxes:[(3,4),(4,9),(5,2)]

ID:3693C966714822A05AF75F88456D8124
	Rows:8
	Colums:11
	Walls:[(0,0),(0,1),(0,2),(0,3),(0,4),(0,5),(0,6),(0,7),(0,8),(0,9),(0,10),(1,0),(1,1),(1,2),(1,3),(1,7),(1,10),(2,0),(2,1),(2,2),(2,3),(2,5),(2,10),(3,0),(3,1),(3,2),(3,3),(3,7),(3,10),(4,0),(4,7),(4,8),(4,10),(5,0),(5,4),(5,5),(5,6),(5,10),(6,0),(6,4),(6,5),(6,6),(6,10),(7,0),(7,1),(7,2),(7,3),(7,4),(7,5),(7,6),(7,7),(7,8),(7,9),(7,10)]
	Targets:[(1,9),(4,4),(6,3)]
	Player:(6,9)
	Boxes:[(3,4),(5,2),(5,9)]

ID:EE6599A5A9973524EE5C4909366EEC01
	Rows:8
	Colums:11
	Walls:[(0,0),(0,1),(0,2),(0,3),(0,4),(0,5),(0,6),(0,7),(0,8),(0,9),(0,10),(1,0),(1,1),(1,2),(1,3),(1,7),(1,10),(2,0),(2,1),(2,2),(2,3),(2,5),(2,10),(3,0),(3,1),(3,2),(3,3),(3,7),(3,10),(4,0),(4,7),(4,8),(4,10),(5,0),(5,4),(5,5),(5,6),(5,10),(6,0),(6,4),(6,5),(6,6),(6,10),(7,0),(7,1),(7,2),(7,3),(7,4),(7,5),(7,6),(7,7),(7,8),(7,9),(7,10)]
	Targets:[(4,2),(5,8),(6,9)]
	Player:(4,1)
	Boxes:[(5,2),(5,8),(5,9)]

ID:7BE7FFB492C71ABD4C014B058D6D6313
	Rows:8
	Colums:11
	Walls:[(0,0),(0,1),(0,2),(0,3),(0,4),(0,5),(0,6),(0,7),(0,8),(0,9),(0,10),(1,0),(1,1),(1,2),(1,3),(1,7),(1,10),(2,0),(2,1),(2,2),(2,3),(2,5),(2,10),(3,0),(3,1),(3,2),(3,3),(3,7),(3,10),(4,0),(4,7),(4,8),(4,10),(5,0),(5,4),(5,5),(5,6),(5,10),(6,0),(6,4),(6,5),(6,6),(6,10),(7,0),(7,1),(7,2),(7,3),(7,4),(7,5),(7,6),(7,7),(7,8),(7,9),(7,10)]
	Targets:[(1,9),(2,4),(4,1)]
	Player:(5,3)
	Boxes:[(3,4),(3,5),(5,8)]

ID:5592383259EA0F35339AE6042CE74AA6
	Rows:8
	Colums:11
	Walls:[(0,0),(0,1),(0,2),(0,3),(0,4),(0,5),(0,6),(0,7),(0,8),(0,9),(0,10),(1,0),(1,1),(1,2),(1,3),(1,7),(1,10),(2,0),(2,1),(2,2),(2,3),(2,5),(2,10),(3,0),(3,1),(3,2),(3,3),(3,7),(3,10),(4,0),(4,7),(4,8),(4,10),(5,0),(5,4),(5,5),(5,6),(5,10),(6,0),(6,4),(6,5),(6,6),(6,10),(7,0),(7,1),(7,2),(7,3),(7,4),(7,5),(7,6),(7,7),(7,8),(7,9),(7,10)]
	Targets:[(4,3),(4,4),(6,1)]
	Player:(2,6)
	Boxes:[(3,4),(5,2),(5,3)]

ID:02305D8DC924068D864D92EB712319E2
	Rows:8
	Colums:11
	Walls:[(0,0),(0,1),(0,2),(0,3),(0,4),(0,5),(0,6),(0,7),(0,8),(0,9),(0,10),(1,0),(1,1),(1,2),(1,3),(1,7),(1,10),(2,0),(2,1),(2,2),(2,3),(2,5),(2,10),(3,0),(3,1),(3,2),(3,3),(3,7),(3,10),(4,0),(4,7),(4,8),(4,10),(5,0),(5,4),(5,5),(5,6),(5,10),(6,0),(6,4),(6,5),(6,6),(6,10),(7,0),(7,1),(7,2),(7,3),(7,4),(7,5),(7,6),(7,7),(7,8),(7,9),(7,10)]
	Targets:[(1,4),(5,8),(6,7)]
	Player:(2,4)
	Boxes:[(3,4),(5,8),(6,8)]

ID:69524B8363BDCAC98DA2B6C64F3ED56F
	Rows:8
	Colums:11
	Walls:[(0,0),(0,1),(0,2),(0,3),(0,4),(0,5),(0,6),(0,7),(0,8),(0,9),(0,10),(1,0),(1,1),(1,2),(1,3),(1,7),(1,10),(2,0),(2,1),(2,2),(2,3),(2,5),(2,10),(3,0),(3,1),(3,2),(3,3),(3,7),(3,10),(4,0),(4,7),(4,8),(4,10),(5,0),(5,4),(5,5),(5,6),(5,10),(6,0),(6,4),(6,5),(6,6),(6,10),(7,0),(7,1),(7,2),(7,3),(7,4),(7,5),(7,6),(7,7),(7,8),(7,9),(7,10)]
	Targets:[(4,1),(4,3),(5,9)]
	Player:(3,8)
	Boxes:[(4,2),(5,2),(5,8)]

ID:5ACB23F436C49D1E517C68D0EF85D0FD
	Rows:8
	Colums:11
	Walls:[(0,0),(0,1),(0,2),(0,3),(0,4),(0,5),(0,6),(0,7),(0,8),(0,9),(0,10),(1,0),(1,1),(1,2),(1,3),(1,7),(1,10),(2,0),(2,1),(2,2),(2,3),(2,5),(2,10),(3,0),(3,1),(3,2),(3,3),(3,7),(3,10),(4,0),(4,7),(4,8),(4,10),(5,0),(5,4),(5,5),(5,6),(5,10),(6,0),(6,4),(6,5),(6,6),(6,10),(7,0),(7,1),(7,2),(7,3),(7,4),(7,5),(7,6),(7,7),(7,8),(7,9),(7,10)]
	Targets:[(1,9),(2,6),(4,3)]
	Player:(2,9)
	Boxes:[(3,6),(5,2),(5,8)]

ID:565E46121A62CEF4DC31E71FB14B9F8E
	Rows:8
	Colums:11
	Walls:[(0,0),(0,1),(0,2),(0,3),(0,4),(0,5),(0,6),(0,7),(0,8),(0,9),(0,10),(1,0),(1,1),(1,2),(1,3),(1,7),(1,10),(2,0),(2,1),(2,2),(2,3),(2,5),(2,10),(3,0),(3,1),(3,2),(3,3),(3,7),(3,10),(4,0),(4,7),(4,8),(4,10),(5,0),(5,4),(5,5),(5,6),(5,10),(6,0),(6,4),(6,5),(6,6),(6,10),(7,0),(7,1),(7,2),(7,3),(7,4),(7,5),(7,6),(7,7),(7,8),(7,9),(7,10)]
	Targets:[(1,9),(4,3),(4,4)]
	Player:(5,1)
	Boxes:[(2,9),(3,4),(5,2)]

ID:A21C425E0AB00737F6FC43CCB7E66C58
	Rows:8
	Colums:11
	Walls:[(0,0),(0,1),(0,2),(0,3),(0,4),(0,5),(0,6),(0,7),(0,8),(0,9),(0,10),(1,0),(1,1),(1,2),(1,3),(1,7),(1,10),(2,0),(2,1),(2,2),(2,3),(2,5),(2,10),(3,0),(3,1),(3,2),(3,3),(3,7),(3,10),(4,0),(4,7),(4,8),(4,10),(5,0),(5,4),(5,5),(5,6),(5,10),(6,0),(6,4),(6,5),(6,6),(6,10),(7,0),(7,1),(7,2),(7,3),(7,4),(7,5),(7,6),(7,7),(7,8),(7,9),(7,10)]
	Targets:[(1,4),(2,8),(4,3)]
	Player:(1,6)
	Boxes:[(1,5),(2,7),(4,4)]

ID:1C7B7F7F7A33EE835FD13247E1869DC5
	Rows:8
	Colums:11
	Walls:[(0,0),(0,1),(0,2),(0,3),(0,4),(0,5),(0,6),(0,7),(0,8),(0,9),(0,10),(1,0),(1,1),(1,2),(1,3),(1,7),(1,10),(2,0),(2,1),(2,2),(2,3),(2,5),(2,10),(3,0),(3,1),(3,2),(3,3),(3,7),(3,10),(4,0),(4,7),(4,8),(4,10),(5,0),(5,4),(5,5),(5,6),(5,10),(6,0),(6,4),(6,5),(6,6),(6,10),(7,0),(7,1),(7,2),(7,3),(7,4),(7,5),(7,6),(7,7),(7,8),(7,9),(7,10)]
	Targets:[(1,6),(4,3),(6,9)]
	Player:(6,3)
	Boxes:[(1,5),(4,4),(5,9)]

ID:9C83C22B85C26FCE37DDA843DBF58B1F
	Rows:8
	Colums:11
	Walls:[(0,0),(0,1),(0,2),(0,3),(0,4),(0,5),(0,6),(0,7),(0,8),(0,9),(0,10),(1,0),(1,1),(1,2),(1,3),(1,7),(1,10),(2,0),(2,1),(2,2),(2,3),(2,5),(2,10),(3,0),(3,1),(3,2),(3,3),(3,7),(3,10),(4,0),(4,7),(4,8),(4,10),(5,0),(5,4),(5,5),(5,6),(5,10),(6,0),(6,4),(6,5),(6,6),(6,10),(7,0),(7,1),(7,2),(7,3),(7,4),(7,5),(7,6),(7,7),(7,8),(7,9),(7,10)]
	Targets:[(1,4),(4,1),(6,1)]
	Player:(3,8)
	Boxes:[(1,5),(4,4),(6,2)]

ID:DB70A37C049F8F3865C32DDD9C4C5CB8
	Rows:8
	Colums:11
	Walls:[(0,0),(0,1),(0,2),(0,3),(0,4),(0,5),(0,6),(0,7),(0,8),(0,9),(0,10),(1,0),(1,1),(1,2),(1,3),(1,7),(1,10),(2,0),(2,1),(2,2),(2,3),(2,5),(2,10),(3,0),(3,1),(3,2),(3,3),(3,7),(3,10),(4,0),(4,7),(4,8),(4,10),(5,0),(5,4),(5,5),(5,6),(5,10),(6,0),(6,4),(6,5),(6,6),(6,10),(7,0),(7,1),(7,2),(7,3),(7,4),(7,5),(7,6),(7,7),(7,8),(7,9),(7,10)]
	Targets:[(1,4),(4,6),(5,7)]
	Player:(4,5)
	Boxes:[(1,5),(4,3),(5,8)]

ID:7D8D9B013F5F9D0B45B80C2C4AF4B45C
	Rows:8
	Colums:11
	Walls:[(0,0),(0,1),(0,2),(0,3),(0,4),(0,5),(0,6),(0,7),(0,8),(0,9),(0,10),(1,0),(1,1),(1,2),(1,3),(1,7),(1,10),(2,0),(2,1),(2,2),(2,3),(2,5),(2,10),(3,0),(3,1),(3,2),(3,3),(3,7),(3,10),(4,0),(4,7),(4,8),(4,10),(5,0),(5,4),(5,5),(5,6),(5,10),(6,0),(6,4),(6,5),(6,6),(6,10),(7,0),(7,1),(7,2),(7,3),(7,4),(7,5),(7,6),(7,7),(7,8),(7,9),(7,10)]
	Targets:[(1,5),(5,7),(6,7)]
	Player:(3,4)
	Boxes:[(1,5),(5,8),(6,8)]

ID:AE1CB6280377328AFE88BF3727C8D221
	Rows:8
	Colums:11
	Walls:[(0,0),(0,1),(0,2),(0,3),(0,4),(0,5),(0,6),(0,7),(0,8),(0,9),(0,10),(1,0),(1,1),(1,2),(1,3),(1,7),(1,10),(2,0),(2,1),(2,2),(2,3),(2,5),(2,10),(3,0),(3,1),(3,2),(3,3),(3,7),(3,10),(4,0),(4,7),(4,8),(4,10),(5,0),(5,4),(5,5),(5,6),(5,10),(6,0),(6,4),(6,5),(6,6),(6,10),(7,0),(7,1),(7,2),(7,3),(7,4),(7,5),(7,6),(7,7),(7,8),(7,9),(7,10)]
	Targets:[(1,9),(2,6),(4,2)]
	Player:(4,6)
	Boxes:[(2,7),(3,4),(3,5)]

ID:7C95F729B47103A911B4A1BFB5866857
	Rows:8
	Colums:11
	Walls:[(0,0),(0,1),(0,2),(0,3),(0,4),(0,5),(0,6),(0,7),(0,8),(0,9),(0,10),(1,0),(1,1),(1,2),(1,3),(1,7),(1,10),(2,0),(2,1),(2,2),(2,3),(2,5),(2,10),(3,0),(3,1),(3,2),(3,3),(3,7),(3,10),(4,0),(4,7),(4,8),(4,10),(5,0),(5,4),(5,5),(5,6),(5,10),(6,0),(6,4),(6,5),(6,6),(6,10),(7,0),(7,1),(7,2),(7,3),(7,4),(7,5),(7,6),(7,7),(7,8),(7,9),(7,10)]
	Targets:[(4,4),(4,6),(4,9)]
	Player:(6,1)
	Boxes:[(2,4),(2,7),(4,2)]

ID:C784B90F592D77E5AA2C1C00F36CDA34
	Rows:8
	Colums:11
	Walls:[(0,0),(0,1),(0,2),(0,3),(0,4),(0,5),(0,6),(0,7),(0,8),(0,9),(0,10),(1,0),(1,1),(1,2),(1,3),(1,7),(1,10),(2,0),(2,1),(2,2),(2,3),(2,5),(2,10),(3,0),(3,1),(3,2),(3,3),(3,7),(3,10),(4,0),(4,7),(4,8),(4,10),(5,0),(5,4),(5,5),(5,6),(5,10),(6,0),(6,4),(6,5),(6,6),(6,10),(7,0),(7,1),(7,2),(7,3),(7,4),(7,5),(7,6),(7,7),(7,8),(7,9),(7,10)]
	Targets:[(2,4),(2,7),(4,6)]
	Player:(1,4)
	Boxes:[(2,7),(3,4),(3,5)]

ID:C3629D292BEA3630622AA80ED4AE59B6
	Rows:8
	Colums:11
	Walls:[(0,0),(0,1),(0,2),(0,3),(0,4),(0,5),(0,6),(0,7),(0,8),(0,9),(0,10),(1,0),(1,1),(1,2),(1,3),(1,7),(1,10),(2,0),(2,1),(2,2),(2,3),(2,5),(2,10),(3,0),(3,1),(3,2),(3,3),(3,7),(3,10),(4,0),(4,7),(4,8),(4,10),(5,0),(5,4),(5,5),(5,6),(5,10),(6,0),(6,4),(6,5),(6,6),(6,10),(7,0),(7,1),(7,2),(7,3),(7,4),(7,5),(7,6),(7,7),(7,8),(7,9),(7,10)]
	Targets:[(4,3),(4,9),(6,7)]
	Player:(4,4)
	Boxes:[(2,7),(3,4),(6,8)]

ID:8A15685A16F1BD8979F35ADCB7454DBB
	Rows:8
	Colums:11
	Walls:[(0,0),(0,1),(0,2),(0,3),(0,4),(0,5),(0,6),(0,7),(0,8),(0,9),(0,10),(1,0),(1,1),(1,2),(1,3),(1,7),(1,10),(2,0),(2,1),(2,2),(2,3),(2,5),(2,10),(3,0),(3,1),(3,2),(3,3),(3,7),(3,10),(4,0),(4,7),(4,8),(4,10),(5,0),(5,4),(5,5),(5,6),(5,10),(6,0),(6,4),(6,5),(6,6),(6,10),(7,0),(7,1),(7,2),(7,3),(7,4),(7,5),(7,6),(7,7),(7,8),(7,9),(7,10)]
	Targets:[(1,9),(2,4),(4,3)]
	Player:(4,9)
	Boxes:[(3,5),(4,4),(5,8)]

ID:E18AC1652B2D964653B110E2DA21227F
	Rows:8
	Colums:11
	Walls:[(0,0),(0,1),(0,2),(0,3),(0,4),(0,5),(0,6),(0,7),(0,8),(0,9),(0,10),(1,0),(1,1),(1,2),(1,3),(1,7),(1,10),(2,0),(2,1),(2,2),(2,3),(2,5),(2,10),(3,0),(3,1),(3,2),(3,3),(3,7),(3,10),(4,0),(4,7),(4,8),(4,10),(5,0),(5,4),(5,5),(5,6),(5,10),(6,0),(6,4),(6,5),(6,6),(6,10),(7,0),(7,1),(7,2),(7,3),(7,4),(7,5),(7,6),(7,7),(7,8),(7,9),(7,10)]
	Targets:[(1,9),(4,3),(4,6)]
	Player:(3,9)
	Boxes:[(3,5),(4,4),(5,8)]

ID:5F8A03E7AA3EF7A1924E9BB55E6E89E9
	Rows:8
	Colums:11
	Walls:[(0,0),(0,1),(0,2),(0,3),(0,4),(0,5),(0,6),(0,7),(0,8),(0,9),(0,10),(1,0),(1,1),(1,2),(1,3),(1,7),(1,10),(2,0),(2,1),(2,2),(2,3),(2,5),(2,10),(3,0),(3,1),(3,2),(3,3),(3,7),(3,10),(4,0),(4,7),(4,8),(4,10),(5,0),(5,4),(5,5),(5,6),(5,10),(6,0),(6,4),(6,5),(6,6),(6,10),(7,0),(7,1),(7,2),(7,3),(7,4),(7,5),(7,6),(7,7),(7,8),(7,9),(7,10)]
	Targets:[(3,6),(4,6),(6,9)]
	Player:(1,9)
	Boxes:[(3,4),(3,5),(4,9)]

ID:914B7040A323372A8BB98DFDB1FB6280
	Rows:8
	Colums:11
	Walls:[(0,0),(0,1),(0,2),(0,3),(0,4),(0,5),(0,6),(0,7),(0,8),(0,9),(0,10),(1,0),(1,1),(1,2),(1,3),(1,7),(1,10),(2,0),(2,1),(2,2),(2,3),(2,5),(2,10),(3,0),(3,1),(3,2),(3,3),(3,7),(3,10),(4,0),(4,7),(4,8),(4,10),(5,0),(5,4),(5,5),(5,6),(5,10),(6,0),(6,4),(6,5),(6,6),(6,10),(7,0),(7,1),(7,2),(7,3),(7,4),(7,5),(7,6),(7,7),(7,8),(7,9),(7,10)]
	Targets:[(2,4),(5,7),(6,9)]
	Player:(4,6)
	Boxes:[(2,7),(3,4),(5,8)]

ID:68A4EAD7674960882A23B285D305FE89
	Rows:8
	Colums:11
	Walls:[(0,0),(0,1),(0,2),(0,3),(0,4),(0,5),(0,6),(0,7),(0,8),(0,9),(0,10),(1,0),(1,1),(1,2),(1,3),(1,7),(1,10),(2,0),(2,1),(2,2),(2,3),(2,5),(2,10),(3,0),(3,1),(3,2),(3,3),(3,7),(3,10),(4,0),(4,7),(4,8),(4,10),(5,0),(5,4),(5,5),(5,6),(5,10),(6,0),(6,4),(6,5),(6,6),(6,10),(7,0),(7,1),(7,2),(7,3),(7,4),(7,5),(7,6),(7,7),(7,8),(7,9),(7,10)]
	Targets:[(3,4),(4,4),(4,9)]
	Player:(4,1)
	Boxes:[(3,4),(4,5),(5,8)]

ID:B8138755BD5E05CB8D09122C669508C0
	Rows:8
	Colums:11
	Walls:[(0,0),(0,1),(0,2),(0,3),(0,4),(0,5),(0,6),(0,7),(0,8),(0,9),(0,10),(1,0),(1,1),(1,2),(1,3),(1,7),(1,10),(2,0),(2,1),(2,2),(2,3),(2,5),(2,10),(3,0),(3,1),(3,2),(3,3),(3,7),(3,10),(4,0),(4,7),(4,8),(4,10),(5,0),(5,4),(5,5),(5,6),(5,10),(6,0),(6,4),(6,5),(6,6),(6,10),(7,0),(7,1),(7,2),(7,3),(7,4),(7,5),(7,6),(7,7),(7,8),(7,9),(7,10)]
	Targets:[(2,6),(4,1),(5,7)]
	Player:(5,1)
	Boxes:[(3,5),(4,5),(5,8)]

ID:E135FCAE71FCFA6EF17235163BC6F6CF
	Rows:8
	Colums:11
	Walls:[(0,0),(0,1),(0,2),(0,3),(0,4),(0,5),(0,6),(0,7),(0,8),(0,9),(0,10),(1,0),(1,1),(1,2),(1,3),(1,7),(1,10),(2,0),(2,1),(2,2),(2,3),(2,5),(2,10),(3,0),(3,1),(3,2),(3,3),(3,7),(3,10),(4,0),(4,7),(4,8),(4,10),(5,0),(5,4),(5,5),(5,6),(5,10),(6,0),(6,4),(6,5),(6,6),(6,10),(7,0),(7,1),(7,2),(7,3),(7,4),(7,5),(7,6),(7,7),(7,8),(7,9),(7,10)]
	Targets:[(2,4),(4,4),(4,9)]
	Player:(4,1)
	Boxes:[(3,5),(4,5),(5,8)]

ID:642662D628813D9E11799FB7276CB0C9
	Rows:8
	Colums:11
	Walls:[(0,0),(0,1),(0,2),(0,3),(0,4),(0,5),(0,6),(0,7),(0,8),(0,9),(0,10),(1,0),(1,1),(1,2),(1,3),(1,7),(1,10),(2,0),(2,1),(2,2),(2,3),(2,5),(2,10),(3,0),(3,1),(3,2),(3,3),(3,7),(3,10),(4,0),(4,7),(4,8),(4,10),(5,0),(5,4),(5,5),(5,6),(5,10),(6,0),(6,4),(6,5),(6,6),(6,10),(7,0),(7,1),(7,2),(7,3),(7,4),(7,5),(7,6),(7,7),(7,8),(7,9),(7,10)]
	Targets:[(4,1),(5,1),(5,9)]
	Player:(1,8)
	Boxes:[(2,4),(4,9),(5,2)]

ID:C9E05481951A7946B1E6603C34B18121
	Rows:8
	Colums:11
	Walls:[(0,0),(0,1),(0,2),(0,3),(0,4),(0,5),(0,6),(0,7),(0,8),(0,9),(0,10),(1,0),(1,1),(1,2),(1,3),(1,7),(1,10),(2,0),(2,1),(2,2),(2,3),(2,5),(2,10),(3,0),(3,1),(3,2),(3,3),(3,7),(3,10),(4,0),(4,7),(4,8),(4,10),(5,0),(5,4),(5,5),(5,6),(5,10),(6,0),(6,4),(6,5),(6,6),(6,10),(7,0),(7,1),(7,2),(7,3),(7,4),(7,5),(7,6),(7,7),(7,8),(7,9),(7,10)]
	Targets:[(4,6),(5,3),(6,9)]
	Player:(4,1)
	Boxes:[(2,4),(4,9),(5,2)]

ID:280F5D22A534DDEA4F9504D7DAB784D1
	Rows:8
	Colums:11
	Walls:[(0,0),(0,1),(0,2),(0,3),(0,4),(0,5),(0,6),(0,7),(0,8),(0,9),(0,10),(1,0),(1,1),(1,2),(1,3),(1,7),(1,10),(2,0),(2,1),(2,2),(2,3),(2,5),(2,10),(3,0),(3,1),(3,2),(3,3),(3,7),(3,10),(4,0),(4,7),(4,8),(4,10),(5,0),(5,4),(5,5),(5,6),(5,10),(6,0),(6,4),(6,5),(6,6),(6,10),(7,0),(7,1),(7,2),(7,3),(7,4),(7,5),(7,6),(7,7),(7,8),(7,9),(7,10)]
	Targets:[(3,4),(4,6),(5,3)]
	Player:(3,5)
	Boxes:[(2,4),(4,4),(5,2)]

ID:9353DB14636F28E487A34B9513F6C620
	Rows:8
	Colums:11
	Walls:[(0,0),(0,1),(0,2),(0,3),(0,4),(0,5),(0,6),(0,7),(0,8),(0,9),(0,10),(1,0),(1,1),(1,2),(1,3),(1,7),(1,10),(2,0),(2,1),(2,2),(2,3),(2,5),(2,10),(3,0),(3,1),(3,2),(3,3),(3,7),(3,10),(4,0),(4,7),(4,8),(4,10),(5,0),(5,4),(5,5),(5,6),(5,10),(6,0),(6,4),(6,5),(6,6),(6,10),(7,0),(7,1),(7,2),(7,3),(7,4),(7,5),(7,6),(7,7),(7,8),(7,9),(7,10)]
	Targets:[(1,6),(4,3),(6,3)]
	Player:(4,2)
	Boxes:[(2,6),(4,3),(5,2)]

ID:E557FB7F10772E41A4D691DCC0B2EFB3
	Rows:8
	Colums:11
	Walls:[(0,0),(0,1),(0,2),(0,3),(0,4),(0,5),(0,6),(0,7),(0,8),(0,9),(0,10),(1,0),(1,1),(1,2),(1,3),(1,7),(1,10),(2,0),(2,1),(2,2),(2,3),(2,5),(2,10),(3,0),(3,1),(3,2),(3,3),(3,7),(3,10),(4,0),(4,7),(4,8),(4,10),(5,0),(5,4),(5,5),(5,6),(5,10),(6,0),(6,4),(6,5),(6,6),(6,10),(7,0),(7,1),(7,2),(7,3),(7,4),(7,5),(7,6),(7,7),(7,8),(7,9),(7,10)]
	Targets:[(4,2),(4,6),(6,9)]
	Player:(4,9)
	Boxes:[(2,4),(4,3),(6,8)]

ID:D677B281FA754F2EC394807DBBB0F8A8
	Rows:8
	Colums:11
	Walls:[(0,0),(0,1),(0,2),(0,3),(0,4),(0,5),(0,6),(0,7),(0,8),(0,9),(0,10),(1,0),(1,1),(1,2),(1,3),(1,7),(1,10),(2,0),(2,1),(2,2),(2,3),(2,5),(2,10),(3,0),(3,1),(3,2),(3,3),(3,7),(3,10),(4,0),(4,7),(4,8),(4,10),(5,0),(5,4),(5,5),(5,6),(5,10),(6,0),(6,4),(6,5),(6,6),(6,10),(7,0),(7,1),(7,2),(7,3),(7,4),(7,5),(7,6),(7,7),(7,8),(7,9),(7,10)]
	Targets:[(3,4),(4,1),(5,7)]
	Player:(1,8)
	Boxes:[(2,4),(4,3),(5,8)]

ID:59E43DF548C1B3609EB15B5DBC20A2D9
	Rows:8
	Colums:11
	Walls:[(0,0),(0,1),(0,2),(0,3),(0,4),(0,5),(0,6),(0,7),(0,8),(0,9),(0,10),(1,0),(1,1),(1,2),(1,3),(1,7),(1,10),(2,0),(2,1),(2,2),(2,3),(2,5),(2,10),(3,0),(3,1),(3,2),(3,3),(3,7),(3,10),(4,0),(4,7),(4,8),(4,10),(5,0),(5,4),(5,5),(5,6),(5,10),(6,0),(6,4),(6,5),(6,6),(6,10),(7,0),(7,1),(7,2),(7,3),(7,4),(7,5),(7,6),(7,7),(7,8),(7,9),(7,10)]
	Targets:[(1,9),(4,4),(4,5)]
	Player:(6,7)
	Boxes:[(2,9),(4,3),(5,2)]

ID:00120ABD978A5C1B2F8B8DFC1D561794
	Rows:8
	Colums:11
	Walls:[(0,0),(0,1),(0,2),(0,3),(0,4),(0,5),(0,6),(0,7),(0,8),(0,9),(0,10),(1,0),(1,1),(1,2),(1,3),(1,7),(1,10),(2,0),(2,1),(2,2),(2,3),(2,5),(2,10),(3,0),(3,1),(3,2),(3,3),(3,7),(3,10),(4,0),(4,7),(4,8),(4,10),(5,0),(5,4),(5,5),(5,6),(5,10),(6,0),(6,4),(6,5),(6,6),(6,10),(7,0),(7,1),(7,2),(7,3),(7,4),(7,5),(7,6),(7,7),(7,8),(7,9),(7,10)]
	Targets:[(1,4),(6,1),(6,3)]
	Player:(4,4)
	Boxes:[(3,4),(5,1),(5,2)]

ID:B63C3564736CAD05CE0FD75D1B7BBDDE
	Rows:8
	Colums:11
	Walls:[(0,0),(0,1),(0,2),(0,3),(0,4),(0,5),(0,6),(0,7),(0,8),(0,9),(0,10),(1,0),(1,1),(1,2),(1,3),(1,7),(1,10),(2,0),(2,1),(2,2),(2,3),(2,5),(2,10),(3,0),(3,1),(3,2),(3,3),(3,7),(3,10),(4,0),(4,7),(4,8),(4,10),(5,0),(5,4),(5,5),(5,6),(5,10),(6,0),(6,4),(6,5),(6,6),(6,10),(7,0),(7,1),(7,2),(7,3),(7,4),(7,5),(7,6),(7,7),(7,8),(7,9),(7,10)]
	Targets:[(1,9),(4,5),(5,1)]
	Player:(5,7)
	Boxes:[(3,4),(5,2),(5,8)]

ID:A22C84E5A2E0298D1779F3E5658D688F
	Rows:8
	Colums:11
	Walls:[(0,0),(0,1),(0,2),(0,3),(0,4),(0,5),(0,6),(0,7),(0,8),(0,9),(0,10),(1,0),(1,1),(1,2),(1,3),(1,7),(1,10),(2,0),(2,1),(2,2),(2,3),(2,5),(2,10),(3,0),(3,1),(3,2),(3,3),(3,7),(3,10),(4,0),(4,7),(4,8),(4,10),(5,0),(5,4),(5,5),(5,6),(5,10),(6,0),(6,4),(6,5),(6,6),(6,10),(7,0),(7,1),(7,2),(7,3),(7,4),(7,5),(7,6),(7,7),(7,8),(7,9),(7,10)]
	Targets:[(1,9),(4,4),(4,5)]
	Player:(1,6)
	Boxes:[(2,7),(3,4),(5,2)]

ID:2B8E6B569140FEA8B5D46DB7E4B279BA
	Rows:8
	Colums:11
	Walls:[(0,0),(0,1),(0,2),(0,3),(0,4),(0,5),(0,6),(0,7),(0,8),(0,9),(0,10),(1,0),(1,1),(1,2),(1,3),(1,7),(1,10),(2,0),(2,1),(2,2),(2,3),(2,5),(2,10),(3,0),(3,1),(3,2),(3,3),(3,7),(3,10),(4,0),(4,7),(4,8),(4,10),(5,0),(5,4),(5,5),(5,6),(5,10),(6,0),(6,4),(6,5),(6,6),(6,10),(7,0),(7,1),(7,2),(7,3),(7,4),(7,5),(7,6),(7,7),(7,8),(7,9),(7,10)]
	Targets:[(1,6),(1,9),(4,5)]
	Player:(1,5)
	Boxes:[(2,8),(3,5),(5,2)]

ID:990FDE5EBC03A49DCE1CA38982699931
	Rows:8
	Colums:11
	Walls:[(0,0),(0,1),(0,2),(0,3),(0,4),(0,5),(0,6),(0,7),(0,8),(0,9),(0,10),(1,0),(1,1),(1,2),(1,3),(1,7),(1,10),(2,0),(2,1),(2,2),(2,3),(2,5),(2,10),(3,0),(3,1),(3,2),(3,3),(3,7),(3,10),(4,0),(4,7),(4,8),(4,10),(5,0),(5,4),(5,5),(5,6),(5,10),(6,0),(6,4),(6,5),(6,6),(6,10),(7,0),(7,1),(7,2),(7,3),(7,4),(7,5),(7,6),(7,7),(7,8),(7,9),(7,10)]
	Targets:[(2,4),(4,1),(6,9)]
	Player:(1,4)
	Boxes:[(2,8),(3,4),(3,5)]

ID:47437F8E13592E02B38449349455D2D5
	Rows:8
	Colums:11
	Walls:[(0,0),(0,1),(0,2),(0,3),(0,4),(0,5),(0,6),(0,7),(0,8),(0,9),(0,10),(1,0),(1,1),(1,2),(1,3),(1,7),(1,10),(2,0),(2,1),(2,2),(2,3),(2,5),(2,10),(3,0),(3,1),(3,2),(3,3),(3,7),(3,10),(4,0),(4,7),(4,8),(4,10),(5,0),(5,4),(5,5),(5,6),(5,10),(6,0),(6,4),(6,5),(6,6),(6,10),(7,0),(7,1),(7,2),(7,3),(7,4),(7,5),(7,6),(7,7),(7,8),(7,9),(7,10)]
	Targets:[(4,2),(4,9),(6,2)]
	Player:(4,3)
	Boxes:[(2,8),(5,2),(5,3)]

ID:17A73EBF7F18634E2CD44BF2A53625B2
	Rows:8
	Colums:11
	Walls:[(0,0),(0,1),(0,2),(0,3),(0,4),(0,5),(0,6),(0,7),(0,8),(0,9),(0,10),(1,0),(1,1),(1,2),(1,3),(1,7),(1,10),(2,0),(2,1),(2,2),(2,3),(2,5),(2,10),(3,0),(3,1),(3,2),(3,3),(3,7),(3,10),(4,0),(4,7),(4,8),(4,10),(5,0),(5,4),(5,5),(5,6),(5,10),(6,0),(6,4),(6,5),(6,6),(6,10),(7,0),(7,1),(7,2),(7,3),(7,4),(7,5),(7,6),(7,7),(7,8),(7,9),(7,10)]
	Targets:[(2,9),(4,1),(4,4)]
	Player:(1,6)
	Boxes:[(2,8),(5,1),(5,2)]

ID:2E198D91BFA1F1648CB346FE7F0DF28D
	Rows:8
	Colums:11
	Walls:[(0,0),(0,1),(0,2),(0,3),(0,4),(0,5),(0,6),(0,7),(0,8),(0,9),(0,10),(1,0),(1,1),(1,2),(1,3),(1,7),(1,10),(2,0),(2,1),(2,2),(2,3),(2,5),(2,10),(3,0),(3,1),(3,2),(3,3),(3,7),(3,10),(4,0),(4,7),(4,8),(4,10),(5,0),(5,4),(5,5),(5,6),(5,10),(6,0),(6,4),(6,5),(6,6),(6,10),(7,0),(7,1),(7,2),(7,3),(7,4),(7,5),(7,6),(7,7),(7,8),(7,9),(7,10)]
	Targets:[(4,4),(4,9),(6,2)]
	Player:(4,3)
	Boxes:[(2,8),(4,5),(5,2)]

ID:C506EC521163FDFC9EEC380BDCF507F4
	Rows:8
	Colums:11
	Walls:[(0,0),(0,1),(0,2),(0,3),(0,4),(0,5),(0,6),(0,7),(0,8),(0,9),(0,10),(1,0),(1,1),(1,2),(1,3),(1,7),(1,10),(2,0),(2,1),(2,2),(2,3),(2,5),(2,10),(3,0),(3,1),(3,2),(3,3),(3,7),(3,10),(4,0),(4,7),(4,8),(4,10),(5,0),(5,4),(5,5),(5,6),(5,10),(6,0),(6,4),(6,5),(6,6),(6,10),(7,0),(7,1),(7,2),(7,3),(7,4),(7,5),(7,6),(7,7),(7,8),(7,9),(7,10)]
	Targets:[(2,4),(4,1),(5,7)]
	Player:(4,3)
	Boxes:[(3,4),(5,2),(5,8)]

ID:1E02158A6E6CF0EDA65BE99CB44E3F8C
	Rows:8
	Colums:11
	Walls:[(0,0),(0,1),(0,2),(0,3),(0,4),(0,5),(0,6),(0,7),(0,8),(0,9),(0,10),(1,0),(1,1),(1,2),(1,3),(1,7),(1,10),(2,0),(2,1),(2,2),(2,3),(2,5),(2,10),(3,0),(3,1),(3,2),(3,3),(3,7),(3,10),(4,0),(4,7),(4,8),(4,10),(5,0),(5,4),(5,5),(5,6),(5,10),(6,0),(6,4),(6,5),(6,6),(6,10),(7,0),(7,1),(7,2),(7,3),(7,4),(7,5),(7,6),(7,7),(7,8),(7,9),(7,10)]
	Targets:[(1,4),(1,6),(4,2)]
	Player:(4,3)
	Boxes:[(2,6),(3,5),(5,3)]

ID:0F7AD0C7615662F7767000171E594BF4
	Rows:8
	Colums:11
	Walls:[(0,0),(0,1),(0,2),(0,3),(0,4),(0,5),(0,6),(0,7),(0,8),(0,9),(0,10),(1,0),(1,1),(1,2),(1,3),(1,7),(1,10),(2,0),(2,1),(2,2),(2,3),(2,5),(2,10),(3,0),(3,1),(3,2),(3,3),(3,7),(3,10),(4,0),(4,7),(4,8),(4,10),(5,0),(5,4),(5,5),(5,6),(5,10),(6,0),(6,4),(6,5),(6,6),(6,10),(7,0),(7,1),(7,2),(7,3),(7,4),(7,5),(7,6),(7,7),(7,8),(7,9),(7,10)]
	Targets:[(1,9),(4,5),(4,6)]
	Player:(6,3)
	Boxes:[(2,7),(3,5),(5,3)]

ID:1558B1245CF0515AE642459FA2D9C46B
	Rows:8
	Colums:11
	Walls:[(0,0),(0,1),(0,2),(0,3),(0,4),(0,5),(0,6),(0,7),(0,8),(0,9),(0,10),(1,0),(1,1),(1,2),(1,3),(1,7),(1,10),(2,0),(2,1),(2,2),(2,3),(2,5),(2,10),(3,0),(3,1),(3,2),(3,3),(3,7),(3,10),(4,0),(4,7),(4,8),(4,10),(5,0),(5,4),(5,5),(5,6),(5,10),(6,0),(6,4),(6,5),(6,6),(6,10),(7,0),(7,1),(7,2),(7,3),(7,4),(7,5),(7,6),(7,7),(7,8),(7,9),(7,10)]
	Targets:[(2,4),(6,3),(6,9)]
	Player:(4,1)
	Boxes:[(2,7),(3,5),(5,3)]

ID:C2CB35AEF52BE074D6C0DCD2AB7BA6E9
	Rows:8
	Colums:11
	Walls:[(0,0),(0,1),(0,2),(0,3),(0,4),(0,5),(0,6),(0,7),(0,8),(0,9),(0,10),(1,0),(1,1),(1,2),(1,3),(1,7),(1,10),(2,0),(2,1),(2,2),(2,3),(2,5),(2,10),(3,0),(3,1),(3,2),(3,3),(3,7),(3,10),(4,0),(4,7),(4,8),(4,10),(5,0),(5,4),(5,5),(5,6),(5,10),(6,0),(6,4),(6,5),(6,6),(6,10),(7,0),(7,1),(7,2),(7,3),(7,4),(7,5),(7,6),(7,7),(7,8),(7,9),(7,10)]
	Targets:[(1,9),(2,4),(3,6)]
	Player:(5,8)
	Boxes:[(3,4),(3,5),(4,9)]

ID:74D62912F8FE9CE1A29ACD82E622B1F3
	Rows:8
	Colums:11
	Walls:[(0,0),(0,1),(0,2),(0,3),(0,4),(0,5),(0,6),(0,7),(0,8),(0,9),(0,10),(1,0),(1,1),(1,2),(1,3),(1,7),(1,10),(2,0),(2,1),(2,2),(2,3),(2,5),(2,10),(3,0),(3,1),(3,2),(3,3),(3,7),(3,10),(4,0),(4,7),(4,8),(4,10),(5,0),(5,4),(5,5),(5,6),(5,10),(6,0),(6,4),(6,5),(6,6),(6,10),(7,0),(7,1),(7,2),(7,3),(7,4),(7,5),(7,6),(7,7),(7,8),(7,9),(7,10)]
	Targets:[(4,1),(4,3),(6,3)]
	Player:(2,7)
	Boxes:[(3,5),(4,2),(5,3)]

ID:1558B1245CF0515AE642459FA2D9C46B
	Rows:8
	Colums:11
	Walls:[(0,0),(0,1),(0,2),(0,3),(0,4),(0,5),(0,6),(0,7),(0,8),(0,9),(0,10),(1,0),(1,1),(1,2),(1,3),(1,7),(1,10),(2,0),(2,1),(2,2),(2,3),(2,5),(2,10),(3,0),(3,1),(3,2),(3,3),(3,7),(3,10),(4,0),(4,7),(4,8),(4,10),(5,0),(5,4),(5,5),(5,6),(5,10),(6,0),(6,4),(6,5),(6,6),(6,10),(7,0),(7,1),(7,2),(7,3),(7,4),(7,5),(7,6),(7,7),(7,8),(7,9),(7,10)]
	Targets:[(1,9),(4,4),(4,5)]
	Player:(4,1)
	Boxes:[(2,7),(3,5),(5,3)]

ID:9B86482214EC6567F3D4C4FD1F2E234E
	Rows:8
	Colums:11
	Walls:[(0,0),(0,1),(0,2),(0,3),(0,4),(0,5),(0,6),(0,7),(0,8),(0,9),(0,10),(1,0),(1,1),(1,2),(1,3),(1,7),(1,10),(2,0),(2,1),(2,2),(2,3),(2,5),(2,10),(3,0),(3,1),(3,2),(3,3),(3,7),(3,10),(4,0),(4,7),(4,8),(4,10),(5,0),(5,4),(5,5),(5,6),(5,10),(6,0),(6,4),(6,5),(6,6),(6,10),(7,0),(7,1),(7,2),(7,3),(7,4),(7,5),(7,6),(7,7),(7,8),(7,9),(7,10)]
	Targets:[(2,4),(4,4),(6,1)]
	Player:(5,1)
	Boxes:[(3,4),(3,5),(6,2)]

ID:7DDF137309F0E8FDC36AB6E9110F7A63
	Rows:8
	Colums:11
	Walls:[(0,0),(0,1),(0,2),(0,3),(0,4),(0,5),(0,6),(0,7),(0,8),(0,9),(0,10),(1,0),(1,1),(1,2),(1,3),(1,7),(1,10),(2,0),(2,1),(2,2),(2,3),(2,5),(2,10),(3,0),(3,1),(3,2),(3,3),(3,7),(3,10),(4,0),(4,7),(4,8),(4,10),(5,0),(5,4),(5,5),(5,6),(5,10),(6,0),(6,4),(6,5),(6,6),(6,10),(7,0),(7,1),(7,2),(7,3),(7,4),(7,5),(7,6),(7,7),(7,8),(7,9),(7,10)]
	Targets:[(2,4),(4,6),(6,3)]
	Player:(6,9)
	Boxes:[(3,5),(4,3),(5,3)]

ID:0FB0307173C30455EE46B6A817BB274E
	Rows:8
	Colums:11
	Walls:[(0,0),(0,1),(0,2),(0,3),(0,4),(0,5),(0,6),(0,7),(0,8),(0,9),(0,10),(1,0),(1,1),(1,2),(1,3),(1,7),(1,10),(2,0),(2,1),(2,2),(2,3),(2,5),(2,10),(3,0),(3,1),(3,2),(3,3),(3,7),(3,10),(4,0),(4,7),(4,8),(4,10),(5,0),(5,4),(5,5),(5,6),(5,10),(6,0),(6,4),(6,5),(6,6),(6,10),(7,0),(7,1),(7,2),(7,3),(7,4),(7,5),(7,6),(7,7),(7,8),(7,9),(7,10)]
	Targets:[(1,4),(4,6),(5,1)]
	Player:(2,9)
	Boxes:[(2,4),(5,2),(5,3)]

ID:85A6622EB51E59C426D228F77DB02430
	Rows:8
	Colums:11
	Walls:[(0,0),(0,1),(0,2),(0,3),(0,4),(0,5),(0,6),(0,7),(0,8),(0,9),(0,10),(1,0),(1,1),(1,2),(1,3),(1,7),(1,10),(2,0),(2,1),(2,2),(2,3),(2,5),(2,10),(3,0),(3,1),(3,2),(3,3),(3,7),(3,10),(4,0),(4,7),(4,8),(4,10),(5,0),(5,4),(5,5),(5,6),(5,10),(6,0),(6,4),(6,5),(6,6),(6,10),(7,0),(7,1),(7,2),(7,3),(7,4),(7,5),(7,6),(7,7),(7,8),(7,9),(7,10)]
	Targets:[(1,6),(4,1),(6,7)]
	Player:(6,9)
	Boxes:[(1,5),(5,2),(6,8)]

ID:25BE323540A2BB12601660A83C6470EB
	Rows:8
	Colums:11
	Walls:[(0,0),(0,1),(0,2),(0,3),(0,4),(0,5),(0,6),(0,7),(0,8),(0,9),(0,10),(1,0),(1,1),(1,2),(1,3),(1,7),(1,10),(2,0),(2,1),(2,2),(2,3),(2,5),(2,10),(3,0),(3,1),(3,2),(3,3),(3,7),(3,10),(4,0),(4,7),(4,8),(4,10),(5,0),(5,4),(5,5),(5,6),(5,10),(6,0),(6,4),(6,5),(6,6),(6,10),(7,0),(7,1),(7,2),(7,3),(7,4),(7,5),(7,6),(7,7),(7,8),(7,9),(7,10)]
	Targets:[(4,1),(6,2),(6,9)]
	Player:(5,7)
	Boxes:[(5,2),(5,3),(5,8)]

ID:9221AE1DAD6735A28B844F3CA90FFC9F
	Rows:8
	Colums:11
	Walls:[(0,0),(0,1),(0,2),(0,3),(0,4),(0,5),(0,6),(0,7),(0,8),(0,9),(0,10),(1,0),(1,1),(1,2),(1,3),(1,7),(1,10),(2,0),(2,1),(2,2),(2,3),(2,5),(2,10),(3,0),(3,1),(3,2),(3,3),(3,7),(3,10),(4,0),(4,7),(4,8),(4,10),(5,0),(5,4),(5,5),(5,6),(5,10),(6,0),(6,4),(6,5),(6,6),(6,10),(7,0),(7,1),(7,2),(7,3),(7,4),(7,5),(7,6),(7,7),(7,8),(7,9),(7,10)]
	Targets:[(1,6),(3,9),(4,6)]
	Player:(5,8)
	Boxes:[(1,5),(4,9),(5,2)]

ID:3078A3F0B1DA0A1023F29D00194CA0AA
	Rows:8
	Colums:11
	Walls:[(0,0),(0,1),(0,2),(0,3),(0,4),(0,5),(0,6),(0,7),(0,8),(0,9),(0,10),(1,0),(1,1),(1,2),(1,3),(1,7),(1,10),(2,0),(2,1),(2,2),(2,3),(2,5),(2,10),(3,0),(3,1),(3,2),(3,3),(3,7),(3,10),(4,0),(4,7),(4,8),(4,10),(5,0),(5,4),(5,5),(5,6),(5,10),(6,0),(6,4),(6,5),(6,6),(6,10),(7,0),(7,1),(7,2),(7,3),(7,4),(7,5),(7,6),(7,7),(7,8),(7,9),(7,10)]
	Targets:[(4,6),(5,7),(6,1)]
	Player:(3,4)
	Boxes:[(4,5),(5,1),(5,8)]

ID:07C65B18BFEB36214F3A6784CA8300D3
	Rows:8
	Colums:11
	Walls:[(0,0),(0,1),(0,2),(0,3),(0,4),(0,5),(0,6),(0,7),(0,8),(0,9),(0,10),(1,0),(1,1),(1,2),(1,3),(1,7),(1,10),(2,0),(2,1),(2,2),(2,3),(2,5),(2,10),(3,0),(3,1),(3,2),(3,3),(3,7),(3,10),(4,0),(4,7),(4,8),(4,10),(5,0),(5,4),(5,5),(5,6),(5,10),(6,0),(6,4),(6,5),(6,6),(6,10),(7,0),(7,1),(7,2),(7,3),(7,4),(7,5),(7,6),(7,7),(7,8),(7,9),(7,10)]
	Targets:[(1,9),(3,6),(4,1)]
	Player:(3,4)
	Boxes:[(2,9),(3,5),(5,1)]

ID:47C104DF677307E04C4242FC2AD8FB78
	Rows:8
	Colums:11
	Walls:[(0,0),(0,1),(0,2),(0,3),(0,4),(0,5),(0,6),(0,7),(0,8),(0,9),(0,10),(1,0),(1,1),(1,2),(1,3),(1,7),(1,10),(2,0),(2,1),(2,2),(2,3),(2,5),(2,10),(3,0),(3,1),(3,2),(3,3),(3,7),(3,10),(4,0),(4,7),(4,8),(4,10),(5,0),(5,4),(5,5),(5,6),(5,10),(6,0),(6,4),(6,5),(6,6),(6,10),(7,0),(7,1),(7,2),(7,3),(7,4),(7,5),(7,6),(7,7),(7,8),(7,9),(7,10)]
	Targets:[(1,4),(1,9),(3,6)]
	Player:(1,5)
	Boxes:[(2,4),(3,5),(5,8)]

ID:CC86EDC1C033EF6E1A2943BA0A8A73EA
	Rows:8
	Colums:11
	Walls:[(0,0),(0,1),(0,2),(0,3),(0,4),(0,5),(0,6),(0,7),(0,8),(0,9),(0,10),(1,0),(1,1),(1,2),(1,3),(1,7),(1,10),(2,0),(2,1),(2,2),(2,3),(2,5),(2,10),(3,0),(3,1),(3,2),(3,3),(3,7),(3,10),(4,0),(4,7),(4,8),(4,10),(5,0),(5,4),(5,5),(5,6),(5,10),(6,0),(6,4),(6,5),(6,6),(6,10),(7,0),(7,1),(7,2),(7,3),(7,4),(7,5),(7,6),(7,7),(7,8),(7,9),(7,10)]
	Targets:[(1,9),(4,2),(4,6)]
	Player:(1,8)
	Boxes:[(3,5),(4,5),(5,8)]

ID:3B72A69790EF691F967F53C45A31DB31
	Rows:8
	Colums:11
	Walls:[(0,0),(0,1),(0,2),(0,3),(0,4),(0,5),(0,6),(0,7),(0,8),(0,9),(0,10),(1,0),(1,1),(1,2),(1,3),(1,7),(1,10),(2,0),(2,1),(2,2),(2,3),(2,5),(2,10),(3,0),(3,1),(3,2),(3,3),(3,7),(3,10),(4,0),(4,7),(4,8),(4,10),(5,0),(5,4),(5,5),(5,6),(5,10),(6,0),(6,4),(6,5),(6,6),(6,10),(7,0),(7,1),(7,2),(7,3),(7,4),(7,5),(7,6),(7,7),(7,8),(7,9),(7,10)]
	Targets:[(4,2),(4,6),(5,7)]
	Player:(4,5)
	Boxes:[(2,4),(3,5),(5,8)]

ID:D1EEC9BE030EA28653AD292B566E68C0
	Rows:8
	Colums:11
	Walls:[(0,0),(0,1),(0,2),(0,3),(0,4),(0,5),(0,6),(0,7),(0,8),(0,9),(0,10),(1,0),(1,1),(1,2),(1,3),(1,7),(1,10),(2,0),(2,1),(2,2),(2,3),(2,5),(2,10),(3,0),(3,1),(3,2),(3,3),(3,7),(3,10),(4,0),(4,7),(4,8),(4,10),(5,0),(5,4),(5,5),(5,6),(5,10),(6,0),(6,4),(6,5),(6,6),(6,10),(7,0),(7,1),(7,2),(7,3),(7,4),(7,5),(7,6),(7,7),(7,8),(7,9),(7,10)]
	Targets:[(1,4),(6,1),(6,9)]
	Player:(1,9)
	Boxes:[(1,5),(5,1),(5,8)]

ID:3EF4DBC82CE60422C2F679351B5FAA83
	Rows:8
	Colums:11
	Walls:[(0,0),(0,1),(0,2),(0,3),(0,4),(0,5),(0,6),(0,7),(0,8),(0,9),(0,10),(1,0),(1,1),(1,2),(1,3),(1,7),(1,10),(2,0),(2,1),(2,2),(2,3),(2,5),(2,10),(3,0),(3,1),(3,2),(3,3),(3,7),(3,10),(4,0),(4,7),(4,8),(4,10),(5,0),(5,4),(5,5),(5,6),(5,10),(6,0),(6,4),(6,5),(6,6),(6,10),(7,0),(7,1),(7,2),(7,3),(7,4),(7,5),(7,6),(7,7),(7,8),(7,9),(7,10)]
	Targets:[(1,9),(4,1),(5,9)]
	Player:(4,4)
	Boxes:[(2,7),(5,3),(5,8)]

ID:EDCBB4F33D3E5693EF5A22C9844D97E2
	Rows:8
	Colums:11
	Walls:[(0,0),(0,1),(0,2),(0,3),(0,4),(0,5),(0,6),(0,7),(0,8),(0,9),(0,10),(1,0),(1,1),(1,2),(1,3),(1,7),(1,10),(2,0),(2,1),(2,2),(2,3),(2,5),(2,10),(3,0),(3,1),(3,2),(3,3),(3,7),(3,10),(4,0),(4,7),(4,8),(4,10),(5,0),(5,4),(5,5),(5,6),(5,10),(6,0),(6,4),(6,5),(6,6),(6,10),(7,0),(7,1),(7,2),(7,3),(7,4),(7,5),(7,6),(7,7),(7,8),(7,9),(7,10)]
	Targets:[(1,9),(4,2),(6,1)]
	Player:(6,7)
	Boxes:[(5,1),(5,3),(5,8)]

ID:E09881D10940EAD652B2019A60D5650C
	Rows:8
	Colums:11
	Walls:[(0,0),(0,1),(0,2),(0,3),(0,4),(0,5),(0,6),(0,7),(0,8),(0,9),(0,10),(1,0),(1,1),(1,2),(1,3),(1,7),(1,10),(2,0),(2,1),(2,2),(2,3),(2,5),(2,10),(3,0),(3,1),(3,2),(3,3),(3,7),(3,10),(4,0),(4,7),(4,8),(4,10),(5,0),(5,4),(5,5),(5,6),(5,10),(6,0),(6,4),(6,5),(6,6),(6,10),(7,0),(7,1),(7,2),(7,3),(7,4),(7,5),(7,6),(7,7),(7,8),(7,9),(7,10)]
	Targets:[(4,6),(6,3),(6,9)]
	Player:(5,7)
	Boxes:[(4,5),(5,3),(5,8)]

ID:DF454800DBE27631303365493C6FBD76
	Rows:8
	Colums:11
	Walls:[(0,0),(0,1),(0,2),(0,3),(0,4),(0,5),(0,6),(0,7),(0,8),(0,9),(0,10),(1,0),(1,1),(1,2),(1,3),(1,7),(1,10),(2,0),(2,1),(2,2),(2,3),(2,5),(2,10),(3,0),(3,1),(3,2),(3,3),(3,7),(3,10),(4,0),(4,7),(4,8),(4,10),(5,0),(5,4),(5,5),(5,6),(5,10),(6,0),(6,4),(6,5),(6,6),(6,10),(7,0),(7,1),(7,2),(7,3),(7,4),(7,5),(7,6),(7,7),(7,8),(7,9),(7,10)]
	Targets:[(3,4),(4,6),(5,8)]
	Player:(2,9)
	Boxes:[(3,5),(4,5),(5,8)]

ID:02315C00C38BB0BB560B8B7F86E85B89
	Rows:8
	Colums:11
	Walls:[(0,0),(0,1),(0,2),(0,3),(0,4),(0,5),(0,6),(0,7),(0,8),(0,9),(0,10),(1,0),(1,1),(1,2),(1,3),(1,7),(1,10),(2,0),(2,1),(2,2),(2,3),(2,5),(2,10),(3,0),(3,1),(3,2),(3,3),(3,7),(3,10),(4,0),(4,7),(4,8),(4,10),(5,0),(5,4),(5,5),(5,6),(5,10),(6,0),(6,4),(6,5),(6,6),(6,10),(7,0),(7,1),(7,2),(7,3),(7,4),(7,5),(7,6),(7,7),(7,8),(7,9),(7,10)]
	Targets:[(4,2),(4,3),(6,9)]
	Player:(1,4)
	Boxes:[(3,5),(4,5),(5,8)]

ID:067D022012552FF9A885D6966AEEE35F
	Rows:8
	Colums:11
	Walls:[(0,0),(0,1),(0,2),(0,3),(0,4),(0,5),(0,6),(0,7),(0,8),(0,9),(0,10),(1,0),(1,1),(1,2),(1,3),(1,7),(1,10),(2,0),(2,1),(2,2),(2,3),(2,5),(2,10),(3,0),(3,1),(3,2),(3,3),(3,7),(3,10),(4,0),(4,7),(4,8),(4,10),(5,0),(5,4),(5,5),(5,6),(5,10),(6,0),(6,4),(6,5),(6,6),(6,10),(7,0),(7,1),(7,2),(7,3),(7,4),(7,5),(7,6),(7,7),(7,8),(7,9),(7,10)]
	Targets:[(1,4),(4,3),(5,9)]
	Player:(1,8)
	Boxes:[(1,5),(5,3),(5,8)]

ID:F6EAC9FF12F7D2CA1151B88953B675BF
	Rows:8
	Colums:11
	Walls:[(0,0),(0,1),(0,2),(0,3),(0,4),(0,5),(0,6),(0,7),(0,8),(0,9),(0,10),(1,0),(1,1),(1,2),(1,3),(1,7),(1,10),(2,0),(2,1),(2,2),(2,3),(2,5),(2,10),(3,0),(3,1),(3,2),(3,3),(3,7),(3,10),(4,0),(4,7),(4,8),(4,10),(5,0),(5,4),(5,5),(5,6),(5,10),(6,0),(6,4),(6,5),(6,6),(6,10),(7,0),(7,1),(7,2),(7,3),(7,4),(7,5),(7,6),(7,7),(7,8),(7,9),(7,10)]
	Targets:[(2,9),(3,8),(4,5)]
	Player:(1,8)
	Boxes:[(2,8),(5,3),(5,8)]

ID:3B8804F206817CA9ECB78DF0887A00CF
	Rows:8
	Colums:11
	Walls:[(0,0),(0,1),(0,2),(0,3),(0,4),(0,5),(0,6),(0,7),(0,8),(0,9),(0,10),(1,0),(1,1),(1,2),(1,3),(1,7),(1,10),(2,0),(2,1),(2,2),(2,3),(2,5),(2,10),(3,0),(3,1),(3,2),(3,3),(3,7),(3,10),(4,0),(4,7),(4,8),(4,10),(5,0),(5,4),(5,5),(5,6),(5,10),(6,0),(6,4),(6,5),(6,6),(6,10),(7,0),(7,1),(7,2),(7,3),(7,4),(7,5),(7,6),(7,7),(7,8),(7,9),(7,10)]
	Targets:[(4,4),(4,6),(5,7)]
	Player:(4,9)
	Boxes:[(3,4),(5,3),(5,8)]

ID:67BF35669B50B02A1DDB7F815A925E46
	Rows:8
	Colums:11
	Walls:[(0,0),(0,1),(0,2),(0,3),(0,4),(0,5),(0,6),(0,7),(0,8),(0,9),(0,10),(1,0),(1,1),(1,2),(1,3),(1,7),(1,10),(2,0),(2,1),(2,2),(2,3),(2,5),(2,10),(3,0),(3,1),(3,2),(3,3),(3,7),(3,10),(4,0),(4,7),(4,8),(4,10),(5,0),(5,4),(5,5),(5,6),(5,10),(6,0),(6,4),(6,5),(6,6),(6,10),(7,0),(7,1),(7,2),(7,3),(7,4),(7,5),(7,6),(7,7),(7,8),(7,9),(7,10)]
	Targets:[(2,6),(4,6),(6,1)]
	Player:(5,7)
	Boxes:[(3,5),(5,1),(5,3)]

ID:73A2B491E01E31998A3891244FFE8D70
	Rows:8
	Colums:11
	Walls:[(0,0),(0,1),(0,2),(0,3),(0,4),(0,5),(0,6),(0,7),(0,8),(0,9),(0,10),(1,0),(1,1),(1,2),(1,3),(1,7),(1,10),(2,0),(2,1),(2,2),(2,3),(2,5),(2,10),(3,0),(3,1),(3,2),(3,3),(3,7),(3,10),(4,0),(4,7),(4,8),(4,10),(5,0),(5,4),(5,5),(5,6),(5,10),(6,0),(6,4),(6,5),(6,6),(6,10),(7,0),(7,1),(7,2),(7,3),(7,4),(7,5),(7,6),(7,7),(7,8),(7,9),(7,10)]
	Targets:[(3,9),(4,1),(4,6)]
	Player:(3,6)
	Boxes:[(2,6),(5,3),(5,8)]

ID:884F672E3BF4984B8AC2FB6DCB41237C
	Rows:8
	Colums:11
	Walls:[(0,0),(0,1),(0,2),(0,3),(0,4),(0,5),(0,6),(0,7),(0,8),(0,9),(0,10),(1,0),(1,1),(1,2),(1,3),(1,7),(1,10),(2,0),(2,1),(2,2),(2,3),(2,5),(2,10),(3,0),(3,1),(3,2),(3,3),(3,7),(3,10),(4,0),(4,7),(4,8),(4,10),(5,0),(5,4),(5,5),(5,6),(5,10),(6,0),(6,4),(6,5),(6,6),(6,10),(7,0),(7,1),(7,2),(7,3),(7,4),(7,5),(7,6),(7,7),(7,8),(7,9),(7,10)]
	Targets:[(1,9),(4,1),(4,6)]
	Player:(1,8)
	Boxes:[(3,6),(5,2),(5,8)]

ID:F14EAEA58DF74C30C1E53B8297F80C6C
	Rows:8
	Colums:11
	Walls:[(0,0),(0,1),(0,2),(0,3),(0,4),(0,5),(0,6),(0,7),(0,8),(0,9),(0,10),(1,0),(1,1),(1,2),(1,3),(1,7),(1,10),(2,0),(2,1),(2,2),(2,3),(2,5),(2,10),(3,0),(3,1),(3,2),(3,3),(3,7),(3,10),(4,0),(4,7),(4,8),(4,10),(5,0),(5,4),(5,5),(5,6),(5,10),(6,0),(6,4),(6,5),(6,6),(6,10),(7,0),(7,1),(7,2),(7,3),(7,4),(7,5),(7,6),(7,7),(7,8),(7,9),(7,10)]
	Targets:[(4,5),(4,6),(6,9)]
	Player:(6,1)
	Boxes:[(2,6),(4,2),(5,8)]

ID:CDCAD712F85BEDC53FA56B1752D04F79
	Rows:8
	Colums:11
	Walls:[(0,0),(0,1),(0,2),(0,3),(0,4),(0,5),(0,6),(0,7),(0,8),(0,9),(0,10),(1,0),(1,1),(1,2),(1,3),(1,7),(1,10),(2,0),(2,1),(2,2),(2,3),(2,5),(2,10),(3,0),(3,1),(3,2),(3,3),(3,7),(3,10),(4,0),(4,7),(4,8),(4,10),(5,0),(5,4),(5,5),(5,6),(5,10),(6,0),(6,4),(6,5),(6,6),(6,10),(7,0),(7,1),(7,2),(7,3),(7,4),(7,5),(7,6),(7,7),(7,8),(7,9),(7,10)]
	Targets:[(4,9),(6,1),(6,3)]
	Player:(1,9)
	Boxes:[(5,2),(5,8),(6,2)]

ID:49B709FD177BC7FB22ECF93A674E4F68
	Rows:8
	Colums:11
	Walls:[(0,0),(0,1),(0,2),(0,3),(0,4),(0,5),(0,6),(0,7),(0,8),(0,9),(0,10),(1,0),(1,1),(1,2),(1,3),(1,7),(1,10),(2,0),(2,1),(2,2),(2,3),(2,5),(2,10),(3,0),(3,1),(3,2),(3,3),(3,7),(3,10),(4,0),(4,7),(4,8),(4,10),(5,0),(5,4),(5,5),(5,6),(5,10),(6,0),(6,4),(6,5),(6,6),(6,10),(7,0),(7,1),(7,2),(7,3),(7,4),(7,5),(7,6),(7,7),(7,8),(7,9),(7,10)]
	Targets:[(1,4),(4,6),(4,9)]
	Player:(1,9)
	Boxes:[(1,5),(5,2),(5,8)]

ID:9898309A9344EB8900009EE1C0865FBE
	Rows:8
	Colums:11
	Walls:[(0,0),(0,1),(0,2),(0,3),(0,4),(0,5),(0,6),(0,7),(0,8),(0,9),(0,10),(1,0),(1,1),(1,2),(1,3),(1,7),(1,10),(2,0),(2,1),(2,2),(2,3),(2,5),(2,10),(3,0),(3,1),(3,2),(3,3),(3,7),(3,10),(4,0),(4,7),(4,8),(4,10),(5,0),(5,4),(5,5),(5,6),(5,10),(6,0),(6,4),(6,5),(6,6),(6,10),(7,0),(7,1),(7,2),(7,3),(7,4),(7,5),(7,6),(7,7),(7,8),(7,9),(7,10)]
	Targets:[(1,6),(4,6),(6,1)]
	Player:(5,1)
	Boxes:[(2,6),(4,2),(5,2)]

ID:9C3B1B1C28975BCF25832C57C08CB5D4
	Rows:8
	Colums:11
	Walls:[(0,0),(0,1),(0,2),(0,3),(0,4),(0,5),(0,6),(0,7),(0,8),(0,9),(0,10),(1,0),(1,1),(1,2),(1,3),(1,7),(1,10),(2,0),(2,1),(2,2),(2,3),(2,5),(2,10),(3,0),(3,1),(3,2),(3,3),(3,7),(3,10),(4,0),(4,7),(4,8),(4,10),(5,0),(5,4),(5,5),(5,6),(5,10),(6,0),(6,4),(6,5),(6,6),(6,10),(7,0),(7,1),(7,2),(7,3),(7,4),(7,5),(7,6),(7,7),(7,8),(7,9),(7,10)]
	Targets:[(4,3),(4,9),(6,1)]
	Player:(3,6)
	Boxes:[(5,1),(5,2),(5,8)]

ID:B7F9B0BEC99883F96E0FF758DFFD3DA9
	Rows:8
	Colums:11
	Walls:[(0,0),(0,1),(0,2),(0,3),(0,4),(0,5),(0,6),(0,7),(0,8),(0,9),(0,10),(1,0),(1,1),(1,2),(1,3),(1,7),(1,10),(2,0),(2,1),(2,2),(2,3),(2,5),(2,10),(3,0),(3,1),(3,2),(3,3),(3,7),(3,10),(4,0),(4,7),(4,8),(4,10),(5,0),(5,4),(5,5),(5,6),(5,10),(6,0),(6,4),(6,5),(6,6),(6,10),(7,0),(7,1),(7,2),(7,3),(7,4),(7,5),(7,6),(7,7),(7,8),(7,9),(7,10)]
	Targets:[(2,6),(4,9),(6,3)]
	Player:(4,3)
	Boxes:[(2,8),(3,6),(6,2)]

ID:AA43860601D9312C8CA0EEF1B2AA9F30
	Rows:8
	Colums:11
	Walls:[(0,0),(0,1),(0,2),(0,3),(0,4),(0,5),(0,6),(0,7),(0,8),(0,9),(0,10),(1,0),(1,1),(1,2),(1,3),(1,7),(1,10),(2,0),(2,1),(2,2),(2,3),(2,5),(2,10),(3,0),(3,1),(3,2),(3,3),(3,7),(3,10),(4,0),(4,7),(4,8),(4,10),(5,0),(5,4),(5,5),(5,6),(5,10),(6,0),(6,4),(6,5),(6,6),(6,10),(7,0),(7,1),(7,2),(7,3),(7,4),(7,5),(7,6),(7,7),(7,8),(7,9),(7,10)]
	Targets:[(2,6),(4,9),(5,7)]
	Player:(1,6)
	Boxes:[(2,8),(3,6),(5,8)]

ID:A16A881A8AA156DED3EE2C79B3591F89
	Rows:8
	Colums:11
	Walls:[(0,0),(0,1),(0,2),(0,3),(0,4),(0,5),(0,6),(0,7),(0,8),(0,9),(0,10),(1,0),(1,1),(1,2),(1,3),(1,7),(1,10),(2,0),(2,1),(2,2),(2,3),(2,5),(2,10),(3,0),(3,1),(3,2),(3,3),(3,7),(3,10),(4,0),(4,7),(4,8),(4,10),(5,0),(5,4),(5,5),(5,6),(5,10),(6,0),(6,4),(6,5),(6,6),(6,10),(7,0),(7,1),(7,2),(7,3),(7,4),(7,5),(7,6),(7,7),(7,8),(7,9),(7,10)]
	Targets:[(1,8),(1,9),(6,3)]
	Player:(6,8)
	Boxes:[(2,8),(2,9),(5,3)]

ID:883F2676685A635E18F4C0B72E08AA23
	Rows:8
	Colums:11
	Walls:[(0,0),(0,1),(0,2),(0,3),(0,4),(0,5),(0,6),(0,7),(0,8),(0,9),(0,10),(1,0),(1,1),(1,2),(1,3),(1,7),(1,10),(2,0),(2,1),(2,2),(2,3),(2,5),(2,10),(3,0),(3,1),(3,2),(3,3),(3,7),(3,10),(4,0),(4,7),(4,8),(4,10),(5,0),(5,4),(5,5),(5,6),(5,10),(6,0),(6,4),(6,5),(6,6),(6,10),(7,0),(7,1),(7,2),(7,3),(7,4),(7,5),(7,6),(7,7),(7,8),(7,9),(7,10)]
	Targets:[(1,6),(4,9),(6,9)]
	Player:(1,4)
	Boxes:[(2,8),(3,6),(6,8)]

ID:13983711D96F64ECE5DC47B71A0B260D
	Rows:8
	Colums:11
	Walls:[(0,0),(0,1),(0,2),(0,3),(0,4),(0,5),(0,6),(0,7),(0,8),(0,9),(0,10),(1,0),(1,1),(1,2),(1,3),(1,7),(1,10),(2,0),(2,1),(2,2),(2,3),(2,5),(2,10),(3,0),(3,1),(3,2),(3,3),(3,7),(3,10),(4,0),(4,7),(4,8),(4,10),(5,0),(5,4),(5,5),(5,6),(5,10),(6,0),(6,4),(6,5),(6,6),(6,10),(7,0),(7,1),(7,2),(7,3),(7,4),(7,5),(7,6),(7,7),(7,8),(7,9),(7,10)]
	Targets:[(3,6),(4,9),(6,2)]
	Player:(6,3)
	Boxes:[(2,7),(3,5),(5,2)]

ID:8D8F899B515BAE791BA3769954DB680E
	Rows:8
	Colums:11
	Walls:[(0,0),(0,1),(0,2),(0,3),(0,4),(0,5),(0,6),(0,7),(0,8),(0,9),(0,10),(1,0),(1,1),(1,2),(1,3),(1,7),(1,10),(2,0),(2,1),(2,2),(2,3),(2,5),(2,10),(3,0),(3,1),(3,2),(3,3),(3,7),(3,10),(4,0),(4,7),(4,8),(4,10),(5,0),(5,4),(5,5),(5,6),(5,10),(6,0),(6,4),(6,5),(6,6),(6,10),(7,0),(7,1),(7,2),(7,3),(7,4),(7,5),(7,6),(7,7),(7,8),(7,9),(7,10)]
	Targets:[(4,1),(5,7),(6,2)]
	Player:(3,6)
	Boxes:[(4,4),(5,2),(5,8)]

ID:CF9EF54CF713764C63E19A48A1A6B8B8
	Rows:8
	Colums:11
	Walls:[(0,0),(0,1),(0,2),(0,3),(0,4),(0,5),(0,6),(0,7),(0,8),(0,9),(0,10),(1,0),(1,1),(1,2),(1,3),(1,7),(1,10),(2,0),(2,1),(2,2),(2,3),(2,5),(2,10),(3,0),(3,1),(3,2),(3,3),(3,7),(3,10),(4,0),(4,7),(4,8),(4,10),(5,0),(5,4),(5,5),(5,6),(5,10),(6,0),(6,4),(6,5),(6,6),(6,10),(7,0),(7,1),(7,2),(7,3),(7,4),(7,5),(7,6),(7,7),(7,8),(7,9),(7,10)]
	Targets:[(1,9),(4,1),(6,1)]
	Player:(2,4)
	Boxes:[(2,7),(5,1),(5,2)]

ID:A5141AD66AD17CCAE1573AF21FEEEAD1
	Rows:8
	Colums:11
	Walls:[(0,0),(0,1),(0,2),(0,3),(0,4),(0,5),(0,6),(0,7),(0,8),(0,9),(0,10),(1,0),(1,1),(1,2),(1,3),(1,7),(1,10),(2,0),(2,1),(2,2),(2,3),(2,5),(2,10),(3,0),(3,1),(3,2),(3,3),(3,7),(3,10),(4,0),(4,7),(4,8),(4,10),(5,0),(5,4),(5,5),(5,6),(5,10),(6,0),(6,4),(6,5),(6,6),(6,10),(7,0),(7,1),(7,2),(7,3),(7,4),(7,5),(7,6),(7,7),(7,8),(7,9),(7,10)]
	Targets:[(2,7),(4,2),(6,3)]
	Player:(5,1)
	Boxes:[(2,7),(3,4),(5,2)]

ID:2620B95F586CC20BA442B0259F035B4A
	Rows:8
	Colums:11
	Walls:[(0,0),(0,1),(0,2),(0,3),(0,4),(0,5),(0,6),(0,7),(0,8),(0,9),(0,10),(1,0),(1,1),(1,2),(1,3),(1,7),(1,10),(2,0),(2,1),(2,2),(2,3),(2,5),(2,10),(3,0),(3,1),(3,2),(3,3),(3,7),(3,10),(4,0),(4,7),(4,8),(4,10),(5,0),(5,4),(5,5),(5,6),(5,10),(6,0),(6,4),(6,5),(6,6),(6,10),(7,0),(7,1),(7,2),(7,3),(7,4),(7,5),(7,6),(7,7),(7,8),(7,9),(7,10)]
	Targets:[(4,5),(6,3),(6,9)]
	Player:(5,3)
	Boxes:[(4,4),(4,9),(5,2)]

ID:9A7DA05C76863048D83C93B9BAF821B5
	Rows:8
	Colums:11
	Walls:[(0,0),(0,1),(0,2),(0,3),(0,4),(0,5),(0,6),(0,7),(0,8),(0,9),(0,10),(1,0),(1,1),(1,2),(1,3),(1,7),(1,10),(2,0),(2,1),(2,2),(2,3),(2,5),(2,10),(3,0),(3,1),(3,2),(3,3),(3,7),(3,10),(4,0),(4,7),(4,8),(4,10),(5,0),(5,4),(5,5),(5,6),(5,10),(6,0),(6,4),(6,5),(6,6),(6,10),(7,0),(7,1),(7,2),(7,3),(7,4),(7,5),(7,6),(7,7),(7,8),(7,9),(7,10)]
	Targets:[(3,4),(4,9),(5,1)]
	Player:(3,6)
	Boxes:[(2,4),(2,7),(5,2)]

ID:8F2CD6996B0230DF66FF91D84A53BFA1
	Rows:8
	Colums:11
	Walls:[(0,0),(0,1),(0,2),(0,3),(0,4),(0,5),(0,6),(0,7),(0,8),(0,9),(0,10),(1,0),(1,1),(1,2),(1,3),(1,7),(1,10),(2,0),(2,1),(2,2),(2,3),(2,5),(2,10),(3,0),(3,1),(3,2),(3,3),(3,7),(3,10),(4,0),(4,7),(4,8),(4,10),(5,0),(5,4),(5,5),(5,6),(5,10),(6,0),(6,4),(6,5),(6,6),(6,10),(7,0),(7,1),(7,2),(7,3),(7,4),(7,5),(7,6),(7,7),(7,8),(7,9),(7,10)]
	Targets:[(1,9),(4,1),(5,3)]
	Player:(5,7)
	Boxes:[(4,4),(5,2),(5,8)]

ID:442AB13B3E505ADD1541A0E405D0AF6C
	Rows:8
	Colums:11
	Walls:[(0,0),(0,1),(0,2),(0,3),(0,4),(0,5),(0,6),(0,7),(0,8),(0,9),(0,10),(1,0),(1,1),(1,2),(1,3),(1,7),(1,10),(2,0),(2,1),(2,2),(2,3),(2,5),(2,10),(3,0),(3,1),(3,2),(3,3),(3,7),(3,10),(4,0),(4,7),(4,8),(4,10),(5,0),(5,4),(5,5),(5,6),(5,10),(6,0),(6,4),(6,5),(6,6),(6,10),(7,0),(7,1),(7,2),(7,3),(7,4),(7,5),(7,6),(7,7),(7,8),(7,9),(7,10)]
	Targets:[(3,6),(4,4),(6,3)]
	Player:(3,8)
	Boxes:[(3,4),(3,5),(5,3)]

ID:8AA64740740BCAE72BB98530E1F86CF5
	Rows:8
	Colums:11
	Walls:[(0,0),(0,1),(0,2),(0,3),(0,4),(0,5),(0,6),(0,7),(0,8),(0,9),(0,10),(1,0),(1,1),(1,2),(1,3),(1,7),(1,10),(2,0),(2,1),(2,2),(2,3),(2,5),(2,10),(3,0),(3,1),(3,2),(3,3),(3,7),(3,10),(4,0),(4,7),(4,8),(4,10),(5,0),(5,4),(5,5),(5,6),(5,10),(6,0),(6,4),(6,5),(6,6),(6,10),(7,0),(7,1),(7,2),(7,3),(7,4),(7,5),(7,6),(7,7),(7,8),(7,9),(7,10)]
	Targets:[(1,4),(4,6),(6,1)]
	Player:(4,3)
	Boxes:[(3,4),(5,1),(5,3)]

ID:91B7CC6A2A38E4BC0F7C3043947E508B
	Rows:8
	Colums:11
	Walls:[(0,0),(0,1),(0,2),(0,3),(0,4),(0,5),(0,6),(0,7),(0,8),(0,9),(0,10),(1,0),(1,1),(1,2),(1,3),(1,7),(1,10),(2,0),(2,1),(2,2),(2,3),(2,5),(2,10),(3,0),(3,1),(3,2),(3,3),(3,7),(3,10),(4,0),(4,7),(4,8),(4,10),(5,0),(5,4),(5,5),(5,6),(5,10),(6,0),(6,4),(6,5),(6,6),(6,10),(7,0),(7,1),(7,2),(7,3),(7,4),(7,5),(7,6),(7,7),(7,8),(7,9),(7,10)]
	Targets:[(1,9),(2,4),(4,4)]
	Player:(4,1)
	Boxes:[(2,8),(3,4),(4,2)]

ID:E8C0A2468DA2DBC24101966BD351715B
	Rows:8
	Colums:11
	Walls:[(0,0),(0,1),(0,2),(0,3),(0,4),(0,5),(0,6),(0,7),(0,8),(0,9),(0,10),(1,0),(1,1),(1,2),(1,3),(1,7),(1,10),(2,0),(2,1),(2,2),(2,3),(2,5),(2,10),(3,0),(3,1),(3,2),(3,3),(3,7),(3,10),(4,0),(4,7),(4,8),(4,10),(5,0),(5,4),(5,5),(5,6),(5,10),(6,0),(6,4),(6,5),(6,6),(6,10),(7,0),(7,1),(7,2),(7,3),(7,4),(7,5),(7,6),(7,7),(7,8),(7,9),(7,10)]
	Targets:[(1,6),(3,9),(6,3)]
	Player:(6,1)
	Boxes:[(1,5),(2,8),(5,3)]

ID:8710FFF24B0B399CCBCDF042C8DBE283
	Rows:8
	Colums:11
	Walls:[(0,0),(0,1),(0,2),(0,3),(0,4),(0,5),(0,6),(0,7),(0,8),(0,9),(0,10),(1,0),(1,1),(1,2),(1,3),(1,7),(1,10),(2,0),(2,1),(2,2),(2,3),(2,5),(2,10),(3,0),(3,1),(3,2),(3,3),(3,7),(3,10),(4,0),(4,7),(4,8),(4,10),(5,0),(5,4),(5,5),(5,6),(5,10),(6,0),(6,4),(6,5),(6,6),(6,10),(7,0),(7,1),(7,2),(7,3),(7,4),(7,5),(7,6),(7,7),(7,8),(7,9),(7,10)]
	Targets:[(1,9),(4,2),(4,6)]
	Player:(6,1)
	Boxes:[(2,6),(2,8),(5,3)]

ID:721A5CC4C8DC05A4112F6752EDDFF19B
	Rows:8
	Colums:11
	Walls:[(0,0),(0,1),(0,2),(0,3),(0,4),(0,5),(0,6),(0,7),(0,8),(0,9),(0,10),(1,0),(1,1),(1,2),(1,3),(1,7),(1,10),(2,0),(2,1),(2,2),(2,3),(2,5),(2,10),(3,0),(3,1),(3,2),(3,3),(3,7),(3,10),(4,0),(4,7),(4,8),(4,10),(5,0),(5,4),(5,5),(5,6),(5,10),(6,0),(6,4),(6,5),(6,6),(6,10),(7,0),(7,1),(7,2),(7,3),(7,4),(7,5),(7,6),(7,7),(7,8),(7,9),(7,10)]
	Targets:[(2,4),(4,9),(6,3)]
	Player:(3,9)
	Boxes:[(2,9),(3,4),(5,3)]

ID:95ED79C664CCBDE325C97C7E708967F5
	Rows:8
	Colums:11
	Walls:[(0,0),(0,1),(0,2),(0,3),(0,4),(0,5),(0,6),(0,7),(0,8),(0,9),(0,10),(1,0),(1,1),(1,2),(1,3),(1,7),(1,10),(2,0),(2,1),(2,2),(2,3),(2,5),(2,10),(3,0),(3,1),(3,2),(3,3),(3,7),(3,10),(4,0),(4,7),(4,8),(4,10),(5,0),(5,4),(5,5),(5,6),(5,10),(6,0),(6,4),(6,5),(6,6),(6,10),(7,0),(7,1),(7,2),(7,3),(7,4),(7,5),(7,6),(7,7),(7,8),(7,9),(7,10)]
	Targets:[(1,4),(4,6),(6,2)]
	Player:(1,5)
	Boxes:[(3,4),(5,2),(5,3)]

ID:DE6D70FB5292B13C932D6A5912DB2B7A
	Rows:8
	Colums:11
	Walls:[(0,0),(0,1),(0,2),(0,3),(0,4),(0,5),(0,6),(0,7),(0,8),(0,9),(0,10),(1,0),(1,1),(1,2),(1,3),(1,7),(1,10),(2,0),(2,1),(2,2),(2,3),(2,5),(2,10),(3,0),(3,1),(3,2),(3,3),(3,7),(3,10),(4,0),(4,7),(4,8),(4,10),(5,0),(5,4),(5,5),(5,6),(5,10),(6,0),(6,4),(6,5),(6,6),(6,10),(7,0),(7,1),(7,2),(7,3),(7,4),(7,5),(7,6),(7,7),(7,8),(7,9),(7,10)]
	Targets:[(1,9),(2,4),(4,6)]
	Player:(4,5)
	Boxes:[(2,8),(3,4),(4,4)]

ID:233AA73FCCC366AAAB410F7FBC869CF1
	Rows:8
	Colums:11
	Walls:[(0,0),(0,1),(0,2),(0,3),(0,4),(0,5),(0,6),(0,7),(0,8),(0,9),(0,10),(1,0),(1,1),(1,2),(1,3),(1,7),(1,10),(2,0),(2,1),(2,2),(2,3),(2,5),(2,10),(3,0),(3,1),(3,2),(3,3),(3,7),(3,10),(4,0),(4,7),(4,8),(4,10),(5,0),(5,4),(5,5),(5,6),(5,10),(6,0),(6,4),(6,5),(6,6),(6,10),(7,0),(7,1),(7,2),(7,3),(7,4),(7,5),(7,6),(7,7),(7,8),(7,9),(7,10)]
	Targets:[(1,8),(3,4),(4,4)]
	Player:(4,9)
	Boxes:[(2,8),(3,4),(4,5)]

ID:032B3DA80BB7CDFB1B0B317D9341DBD9
	Rows:8
	Colums:11
	Walls:[(0,0),(0,1),(0,2),(0,3),(0,4),(0,5),(0,6),(0,7),(0,8),(0,9),(0,10),(1,0),(1,1),(1,2),(1,3),(1,7),(1,10),(2,0),(2,1),(2,2),(2,3),(2,5),(2,10),(3,0),(3,1),(3,2),(3,3),(3,7),(3,10),(4,0),(4,7),(4,8),(4,10),(5,0),(5,4),(5,5),(5,6),(5,10),(6,0),(6,4),(6,5),(6,6),(6,10),(7,0),(7,1),(7,2),(7,3),(7,4),(7,5),(7,6),(7,7),(7,8),(7,9),(7,10)]
	Targets:[(4,6),(6,1),(6,9)]
	Player:(1,5)
	Boxes:[(2,7),(4,5),(5,1)]

ID:C15FE1A382A10750A01281D1691C91C3
	Rows:8
	Colums:11
	Walls:[(0,0),(0,1),(0,2),(0,3),(0,4),(0,5),(0,6),(0,7),(0,8),(0,9),(0,10),(1,0),(1,1),(1,2),(1,3),(1,7),(1,10),(2,0),(2,1),(2,2),(2,3),(2,5),(2,10),(3,0),(3,1),(3,2),(3,3),(3,7),(3,10),(4,0),(4,7),(4,8),(4,10),(5,0),(5,4),(5,5),(5,6),(5,10),(6,0),(6,4),(6,5),(6,6),(6,10),(7,0),(7,1),(7,2),(7,3),(7,4),(7,5),(7,6),(7,7),(7,8),(7,9),(7,10)]
	Targets:[(4,1),(4,2),(4,6)]
	Player:(3,6)
	Boxes:[(3,4),(3,5),(4,5)]

ID:E125A4D60BF47633D3A0AEBC0074793A
	Rows:8
	Colums:11
	Walls:[(0,0),(0,1),(0,2),(0,3),(0,4),(0,5),(0,6),(0,7),(0,8),(0,9),(0,10),(1,0),(1,1),(1,2),(1,3),(1,7),(1,10),(2,0),(2,1),(2,2),(2,3),(2,5),(2,10),(3,0),(3,1),(3,2),(3,3),(3,7),(3,10),(4,0),(4,7),(4,8),(4,10),(5,0),(5,4),(5,5),(5,6),(5,10),(6,0),(6,4),(6,5),(6,6),(6,10),(7,0),(7,1),(7,2),(7,3),(7,4),(7,5),(7,6),(7,7),(7,8),(7,9),(7,10)]
	Targets:[(4,5),(4,9),(5,7)]
	Player:(1,4)
	Boxes:[(2,7),(3,5),(5,8)]

ID:C784B90F592D77E5AA2C1C00F36CDA34
	Rows:8
	Colums:11
	Walls:[(0,0),(0,1),(0,2),(0,3),(0,4),(0,5),(0,6),(0,7),(0,8),(0,9),(0,10),(1,0),(1,1),(1,2),(1,3),(1,7),(1,10),(2,0),(2,1),(2,2),(2,3),(2,5),(2,10),(3,0),(3,1),(3,2),(3,3),(3,7),(3,10),(4,0),(4,7),(4,8),(4,10),(5,0),(5,4),(5,5),(5,6),(5,10),(6,0),(6,4),(6,5),(6,6),(6,10),(7,0),(7,1),(7,2),(7,3),(7,4),(7,5),(7,6),(7,7),(7,8),(7,9),(7,10)]
	Targets:[(1,9),(3,6),(4,4)]
	Player:(1,4)
	Boxes:[(2,7),(3,4),(3,5)]

ID:B348ED5ED05FC60AD444A2FDC7DEC363
	Rows:8
	Colums:11
	Walls:[(0,0),(0,1),(0,2),(0,3),(0,4),(0,5),(0,6),(0,7),(0,8),(0,9),(0,10),(1,0),(1,1),(1,2),(1,3),(1,7),(1,10),(2,0),(2,1),(2,2),(2,3),(2,5),(2,10),(3,0),(3,1),(3,2),(3,3),(3,7),(3,10),(4,0),(4,7),(4,8),(4,10),(5,0),(5,4),(5,5),(5,6),(5,10),(6,0),(6,4),(6,5),(6,6),(6,10),(7,0),(7,1),(7,2),(7,3),(7,4),(7,5),(7,6),(7,7),(7,8),(7,9),(7,10)]
	Targets:[(2,6),(5,7),(6,9)]
	Player:(5,9)
	Boxes:[(2,7),(4,9),(5,8)]

ID:77F8C372053641563390477FD08D9891
	Rows:8
	Colums:11
	Walls:[(0,0),(0,1),(0,2),(0,3),(0,4),(0,5),(0,6),(0,7),(0,8),(0,9),(0,10),(1,0),(1,1),(1,2),(1,3),(1,7),(1,10),(2,0),(2,1),(2,2),(2,3),(2,5),(2,10),(3,0),(3,1),(3,2),(3,3),(3,7),(3,10),(4,0),(4,7),(4,8),(4,10),(5,0),(5,4),(5,5),(5,6),(5,10),(6,0),(6,4),(6,5),(6,6),(6,10),(7,0),(7,1),(7,2),(7,3),(7,4),(7,5),(7,6),(7,7),(7,8),(7,9),(7,10)]
	Targets:[(2,4),(4,1),(5,7)]
	Player:(6,7)
	Boxes:[(3,4),(4,2),(5,8)]

ID:790453DB0FBFCE5C0648A61E3ABE9EC1
	Rows:8
	Colums:11
	Walls:[(0,0),(0,1),(0,2),(0,3),(0,4),(0,5),(0,6),(0,7),(0,8),(0,9),(0,10),(1,0),(1,1),(1,2),(1,3),(1,7),(1,10),(2,0),(2,1),(2,2),(2,3),(2,5),(2,10),(3,0),(3,1),(3,2),(3,3),(3,7),(3,10),(4,0),(4,7),(4,8),(4,10),(5,0),(5,4),(5,5),(5,6),(5,10),(6,0),(6,4),(6,5),(6,6),(6,10),(7,0),(7,1),(7,2),(7,3),(7,4),(7,5),(7,6),(7,7),(7,8),(7,9),(7,10)]
	Targets:[(2,9),(3,6),(3,9)]
	Player:(2,6)
	Boxes:[(2,7),(3,5),(5,8)]

ID:95756F9E08F53DC660FF0E47F8D2C483
	Rows:8
	Colums:11
	Walls:[(0,0),(0,1),(0,2),(0,3),(0,4),(0,5),(0,6),(0,7),(0,8),(0,9),(0,10),(1,0),(1,1),(1,2),(1,3),(1,7),(1,10),(2,0),(2,1),(2,2),(2,3),(2,5),(2,10),(3,0),(3,1),(3,2),(3,3),(3,7),(3,10),(4,0),(4,7),(4,8),(4,10),(5,0),(5,4),(5,5),(5,6),(5,10),(6,0),(6,4),(6,5),(6,6),(6,10),(7,0),(7,1),(7,2),(7,3),(7,4),(7,5),(7,6),(7,7),(7,8),(7,9),(7,10)]
	Targets:[(4,1),(4,4),(5,7)]
	Player:(6,1)
	Boxes:[(3,5),(4,3),(5,8)]

ID:55ECD988204011530C339019FC53F73D
	Rows:8
	Colums:11
	Walls:[(0,0),(0,1),(0,2),(0,3),(0,4),(0,5),(0,6),(0,7),(0,8),(0,9),(0,10),(1,0),(1,1),(1,2),(1,3),(1,7),(1,10),(2,0),(2,1),(2,2),(2,3),(2,5),(2,10),(3,0),(3,1),(3,2),(3,3),(3,7),(3,10),(4,0),(4,7),(4,8),(4,10),(5,0),(5,4),(5,5),(5,6),(5,10),(6,0),(6,4),(6,5),(6,6),(6,10),(7,0),(7,1),(7,2),(7,3),(7,4),(7,5),(7,6),(7,7),(7,8),(7,9),(7,10)]
	Targets:[(1,9),(3,6),(4,1)]
	Player:(6,7)
	Boxes:[(3,5),(4,3),(5,8)]

ID:9F81B455307B90EF90D597797ED0BA5F
	Rows:8
	Colums:11
	Walls:[(0,0),(0,1),(0,2),(0,3),(0,4),(0,5),(0,6),(0,7),(0,8),(0,9),(0,10),(1,0),(1,1),(1,2),(1,3),(1,7),(1,10),(2,0),(2,1),(2,2),(2,3),(2,5),(2,10),(3,0),(3,1),(3,2),(3,3),(3,7),(3,10),(4,0),(4,7),(4,8),(4,10),(5,0),(5,4),(5,5),(5,6),(5,10),(6,0),(6,4),(6,5),(6,6),(6,10),(7,0),(7,1),(7,2),(7,3),(7,4),(7,5),(7,6),(7,7),(7,8),(7,9),(7,10)]
	Targets:[(2,9),(4,3),(4,4)]
	Player:(6,8)
	Boxes:[(3,4),(3,5),(5,8)]

ID:6849D4991A6E8EA8D71AAC6888C808D8
	Rows:8
	Colums:11
	Walls:[(0,0),(0,1),(0,2),(0,3),(0,4),(0,5),(0,6),(0,7),(0,8),(0,9),(0,10),(1,0),(1,1),(1,2),(1,3),(1,7),(1,10),(2,0),(2,1),(2,2),(2,3),(2,5),(2,10),(3,0),(3,1),(3,2),(3,3),(3,7),(3,10),(4,0),(4,7),(4,8),(4,10),(5,0),(5,4),(5,5),(5,6),(5,10),(6,0),(6,4),(6,5),(6,6),(6,10),(7,0),(7,1),(7,2),(7,3),(7,4),(7,5),(7,6),(7,7),(7,8),(7,9),(7,10)]
	Targets:[(4,1),(4,2),(5,9)]
	Player:(4,4)
	Boxes:[(3,4),(5,1),(5,8)]

ID:834733FA777ECCF29A296EB581F3327E
	Rows:8
	Colums:11
	Walls:[(0,0),(0,1),(0,2),(0,3),(0,4),(0,5),(0,6),(0,7),(0,8),(0,9),(0,10),(1,0),(1,1),(1,2),(1,3),(1,7),(1,10),(2,0),(2,1),(2,2),(2,3),(2,5),(2,10),(3,0),(3,1),(3,2),(3,3),(3,7),(3,10),(4,0),(4,7),(4,8),(4,10),(5,0),(5,4),(5,5),(5,6),(5,10),(6,0),(6,4),(6,5),(6,6),(6,10),(7,0),(7,1),(7,2),(7,3),(7,4),(7,5),(7,6),(7,7),(7,8),(7,9),(7,10)]
	Targets:[(1,6),(4,6),(5,9)]
	Player:(1,8)
	Boxes:[(3,6),(4,3),(5,8)]

ID:A24D8D5D6C2B57CFB2573FC501A3DF5F
	Rows:8
	Colums:11
	Walls:[(0,0),(0,1),(0,2),(0,3),(0,4),(0,5),(0,6),(0,7),(0,8),(0,9),(0,10),(1,0),(1,1),(1,2),(1,3),(1,7),(1,10),(2,0),(2,1),(2,2),(2,3),(2,5),(2,10),(3,0),(3,1),(3,2),(3,3),(3,7),(3,10),(4,0),(4,7),(4,8),(4,10),(5,0),(5,4),(5,5),(5,6),(5,10),(6,0),(6,4),(6,5),(6,6),(6,10),(7,0),(7,1),(7,2),(7,3),(7,4),(7,5),(7,6),(7,7),(7,8),(7,9),(7,10)]
	Targets:[(4,1),(4,3),(5,7)]
	Player:(1,6)
	Boxes:[(5,1),(5,3),(5,8)]

ID:CC56ED14E1CB7E2181B2898D5CB55342
	Rows:8
	Colums:11
	Walls:[(0,0),(0,1),(0,2),(0,3),(0,4),(0,5),(0,6),(0,7),(0,8),(0,9),(0,10),(1,0),(1,1),(1,2),(1,3),(1,7),(1,10),(2,0),(2,1),(2,2),(2,3),(2,5),(2,10),(3,0),(3,1),(3,2),(3,3),(3,7),(3,10),(4,0),(4,7),(4,8),(4,10),(5,0),(5,4),(5,5),(5,6),(5,10),(6,0),(6,4),(6,5),(6,6),(6,10),(7,0),(7,1),(7,2),(7,3),(7,4),(7,5),(7,6),(7,7),(7,8),(7,9),(7,10)]
	Targets:[(4,1),(6,3),(6,9)]
	Player:(2,7)
	Boxes:[(3,5),(4,9),(5,3)]

ID:1558B1245CF0515AE642459FA2D9C46B
	Rows:8
	Colums:11
	Walls:[(0,0),(0,1),(0,2),(0,3),(0,4),(0,5),(0,6),(0,7),(0,8),(0,9),(0,10),(1,0),(1,1),(1,2),(1,3),(1,7),(1,10),(2,0),(2,1),(2,2),(2,3),(2,5),(2,10),(3,0),(3,1),(3,2),(3,3),(3,7),(3,10),(4,0),(4,7),(4,8),(4,10),(5,0),(5,4),(5,5),(5,6),(5,10),(6,0),(6,4),(6,5),(6,6),(6,10),(7,0),(7,1),(7,2),(7,3),(7,4),(7,5),(7,6),(7,7),(7,8),(7,9),(7,10)]
	Targets:[(2,4),(4,2),(6,9)]
	Player:(4,1)
	Boxes:[(2,7),(3,5),(5,3)]

ID:D5A6F7A658EF5485E0DC81472ADDBC28
	Rows:8
	Colums:11
	Walls:[(0,0),(0,1),(0,2),(0,3),(0,4),(0,5),(0,6),(0,7),(0,8),(0,9),(0,10),(1,0),(1,1),(1,2),(1,3),(1,7),(1,10),(2,0),(2,1),(2,2),(2,3),(2,5),(2,10),(3,0),(3,1),(3,2),(3,3),(3,7),(3,10),(4,0),(4,7),(4,8),(4,10),(5,0),(5,4),(5,5),(5,6),(5,10),(6,0),(6,4),(6,5),(6,6),(6,10),(7,0),(7,1),(7,2),(7,3),(7,4),(7,5),(7,6),(7,7),(7,8),(7,9),(7,10)]
	Targets:[(3,6),(5,7),(6,7)]
	Player:(4,6)
	Boxes:[(3,5),(5,8),(6,8)]

ID:264D600DDFC9344A63617F17D2D11C29
	Rows:8
	Colums:11
	Walls:[(0,0),(0,1),(0,2),(0,3),(0,4),(0,5),(0,6),(0,7),(0,8),(0,9),(0,10),(1,0),(1,1),(1,2),(1,3),(1,7),(1,10),(2,0),(2,1),(2,2),(2,3),(2,5),(2,10),(3,0),(3,1),(3,2),(3,3),(3,7),(3,10),(4,0),(4,7),(4,8),(4,10),(5,0),(5,4),(5,5),(5,6),(5,10),(6,0),(6,4),(6,5),(6,6),(6,10),(7,0),(7,1),(7,2),(7,3),(7,4),(7,5),(7,6),(7,7),(7,8),(7,9),(7,10)]
	Targets:[(1,6),(1,8),(5,3)]
	Player:(3,8)
	Boxes:[(2,8),(3,5),(5,3)]

ID:631C8892C41F94E69012583247C888E3
	Rows:8
	Colums:11
	Walls:[(0,0),(0,1),(0,2),(0,3),(0,4),(0,5),(0,6),(0,7),(0,8),(0,9),(0,10),(1,0),(1,1),(1,2),(1,3),(1,7),(1,10),(2,0),(2,1),(2,2),(2,3),(2,5),(2,10),(3,0),(3,1),(3,2),(3,3),(3,7),(3,10),(4,0),(4,7),(4,8),(4,10),(5,0),(5,4),(5,5),(5,6),(5,10),(6,0),(6,4),(6,5),(6,6),(6,10),(7,0),(7,1),(7,2),(7,3),(7,4),(7,5),(7,6),(7,7),(7,8),(7,9),(7,10)]
	Targets:[(4,6),(5,7),(6,3)]
	Player:(3,8)
	Boxes:[(4,5),(5,3),(5,8)]

ID:DE071956558C8C27547BFA1849E10C92
	Rows:8
	Colums:11
	Walls:[(0,0),(0,1),(0,2),(0,3),(0,4),(0,5),(0,6),(0,7),(0,8),(0,9),(0,10),(1,0),(1,1),(1,2),(1,3),(1,7),(1,10),(2,0),(2,1),(2,2),(2,3),(2,5),(2,10),(3,0),(3,1),(3,2),(3,3),(3,7),(3,10),(4,0),(4,7),(4,8),(4,10),(5,0),(5,4),(5,5),(5,6),(5,10),(6,0),(6,4),(6,5),(6,6),(6,10),(7,0),(7,1),(7,2),(7,3),(7,4),(7,5),(7,6),(7,7),(7,8),(7,9),(7,10)]
	Targets:[(1,4),(4,1),(4,6)]
	Player:(6,3)
	Boxes:[(3,5),(5,1),(5,3)]

ID:FDDECDDE6879546DE988313969E5115D
	Rows:8
	Colums:11
	Walls:[(0,0),(0,1),(0,2),(0,3),(0,4),(0,5),(0,6),(0,7),(0,8),(0,9),(0,10),(1,0),(1,1),(1,2),(1,3),(1,7),(1,10),(2,0),(2,1),(2,2),(2,3),(2,5),(2,10),(3,0),(3,1),(3,2),(3,3),(3,7),(3,10),(4,0),(4,7),(4,8),(4,10),(5,0),(5,4),(5,5),(5,6),(5,10),(6,0),(6,4),(6,5),(6,6),(6,10),(7,0),(7,1),(7,2),(7,3),(7,4),(7,5),(7,6),(7,7),(7,8),(7,9),(7,10)]
	Targets:[(4,4),(4,6),(5,1)]
	Player:(3,9)
	Boxes:[(2,4),(4,3),(5,2)]

ID:5A6455F34D999686C820675EF6ABC7E1
	Rows:8
	Colums:11
	Walls:[(0,0),(0,1),(0,2),(0,3),(0,4),(0,5),(0,6),(0,7),(0,8),(0,9),(0,10),(1,0),(1,1),(1,2),(1,3),(1,7),(1,10),(2,0),(2,1),(2,2),(2,3),(2,5),(2,10),(3,0),(3,1),(3,2),(3,3),(3,7),(3,10),(4,0),(4,7),(4,8),(4,10),(5,0),(5,4),(5,5),(5,6),(5,10),(6,0),(6,4),(6,5),(6,6),(6,10),(7,0),(7,1),(7,2),(7,3),(7,4),(7,5),(7,6),(7,7),(7,8),(7,9),(7,10)]
	Targets:[(1,9),(4,1),(6,3)]
	Player:(6,2)
	Boxes:[(2,8),(5,2),(5,3)]

ID:EAE72F5747109FC87807609DADE767E1
	Rows:8
	Colums:11
	Walls:[(0,0),(0,1),(0,2),(0,3),(0,4),(0,5),(0,6),(0,7),(0,8),(0,9),(0,10),(1,0),(1,1),(1,2),(1,3),(1,7),(1,10),(2,0),(2,1),(2,2),(2,3),(2,5),(2,10),(3,0),(3,1),(3,2),(3,3),(3,7),(3,10),(4,0),(4,7),(4,8),(4,10),(5,0),(5,4),(5,5),(5,6),(5,10),(6,0),(6,4),(6,5),(6,6),(6,10),(7,0),(7,1),(7,2),(7,3),(7,4),(7,5),(7,6),(7,7),(7,8),(7,9),(7,10)]
	Targets:[(4,1),(4,9),(6,7)]
	Player:(4,6)
	Boxes:[(2,8),(4,3),(6,8)]

ID:7A4EC36D09A4D0C036D477BE13E2EA72
	Rows:8
	Colums:11
	Walls:[(0,0),(0,1),(0,2),(0,3),(0,4),(0,5),(0,6),(0,7),(0,8),(0,9),(0,10),(1,0),(1,1),(1,2),(1,3),(1,7),(1,10),(2,0),(2,1),(2,2),(2,3),(2,5),(2,10),(3,0),(3,1),(3,2),(3,3),(3,7),(3,10),(4,0),(4,7),(4,8),(4,10),(5,0),(5,4),(5,5),(5,6),(5,10),(6,0),(6,4),(6,5),(6,6),(6,10),(7,0),(7,1),(7,2),(7,3),(7,4),(7,5),(7,6),(7,7),(7,8),(7,9),(7,10)]
	Targets:[(1,4),(3,8),(4,2)]
	Player:(3,9)
	Boxes:[(2,4),(2,8),(5,2)]

ID:466EE27565B94FDD81721CAA73F2035B
	Rows:8
	Colums:11
	Walls:[(0,0),(0,1),(0,2),(0,3),(0,4),(0,5),(0,6),(0,7),(0,8),(0,9),(0,10),(1,0),(1,1),(1,2),(1,3),(1,7),(1,10),(2,0),(2,1),(2,2),(2,3),(2,5),(2,10),(3,0),(3,1),(3,2),(3,3),(3,7),(3,10),(4,0),(4,7),(4,8),(4,10),(5,0),(5,4),(5,5),(5,6),(5,10),(6,0),(6,4),(6,5),(6,6),(6,10),(7,0),(7,1),(7,2),(7,3),(7,4),(7,5),(7,6),(7,7),(7,8),(7,9),(7,10)]
	Targets:[(4,2),(4,6),(6,9)]
	Player:(2,9)
	Boxes:[(4,3),(5,2),(5,9)]

ID:29309B2555188EE8DA96949573088ADE
	Rows:8
	Colums:11
	Walls:[(0,0),(0,1),(0,2),(0,3),(0,4),(0,5),(0,6),(0,7),(0,8),(0,9),(0,10),(1,0),(1,1),(1,2),(1,3),(1,7),(1,10),(2,0),(2,1),(2,2),(2,3),(2,5),(2,10),(3,0),(3,1),(3,2),(3,3),(3,7),(3,10),(4,0),(4,7),(4,8),(4,10),(5,0),(5,4),(5,5),(5,6),(5,10),(6,0),(6,4),(6,5),(6,6),(6,10),(7,0),(7,1),(7,2),(7,3),(7,4),(7,5),(7,6),(7,7),(7,8),(7,9),(7,10)]
	Targets:[(1,9),(4,6),(6,1)]
	Player:(4,1)
	Boxes:[(2,4),(2,8),(5,2)]

ID:49776AF952CB35E84E6C1F271EB20AC0
	Rows:8
	Colums:11
	Walls:[(0,0),(0,1),(0,2),(0,3),(0,4),(0,5),(0,6),(0,7),(0,8),(0,9),(0,10),(1,0),(1,1),(1,2),(1,3),(1,7),(1,10),(2,0),(2,1),(2,2),(2,3),(2,5),(2,10),(3,0),(3,1),(3,2),(3,3),(3,7),(3,10),(4,0),(4,7),(4,8),(4,10),(5,0),(5,4),(5,5),(5,6),(5,10),(6,0),(6,4),(6,5),(6,6),(6,10),(7,0),(7,1),(7,2),(7,3),(7,4),(7,5),(7,6),(7,7),(7,8),(7,9),(7,10)]
	Targets:[(1,4),(4,1),(4,9),(6,1)]
	Player:(6,2)
	Boxes:[(2,7),(3,4),(5,2),(5,3)]

ID:EF546E31207B3A7C762076E14A3A46EE
	Rows:8
	Colums:11
	Walls:[(0,0),(0,1),(0,2),(0,3),(0,4),(0,5),(0,6),(0,7),(0,8),(0,9),(0,10),(1,0),(1,1),(1,2),(1,3),(1,7),(1,10),(2,0),(2,1),(2,2),(2,3),(2,5),(2,10),(3,0),(3,1),(3,2),(3,3),(3,7),(3,10),(4,0),(4,7),(4,8),(4,10),(5,0),(5,4),(5,5),(5,6),(5,10),(6,0),(6,4),(6,5),(6,6),(6,10),(7,0),(7,1),(7,2),(7,3),(7,4),(7,5),(7,6),(7,7),(7,8),(7,9),(7,10)]
	Targets:[(1,9),(4,3),(5,3),(6,1)]
	Player:(4,1)
	Boxes:[(2,7),(4,2),(5,1),(5,2)]

ID:3BF59756F1FA4FC8456FEB46AFA35755
	Rows:8
	Colums:11
	Walls:[(0,0),(0,1),(0,2),(0,3),(0,4),(0,5),(0,6),(0,7),(0,8),(0,9),(0,10),(1,0),(1,1),(1,2),(1,3),(1,7),(1,10),(2,0),(2,1),(2,2),(2,3),(2,5),(2,10),(3,0),(3,1),(3,2),(3,3),(3,7),(3,10),(4,0),(4,7),(4,8),(4,10),(5,0),(5,4),(5,5),(5,6),(5,10),(6,0),(6,4),(6,5),(6,6),(6,10),(7,0),(7,1),(7,2),(7,3),(7,4),(7,5),(7,6),(7,7),(7,8),(7,9),(7,10)]
	Targets:[(1,6),(4,6),(4,9),(6,1)]
	Player:(6,3)
	Boxes:[(1,5),(2,7),(5,1),(5,2)]

ID:5440DDD0ACE005D2EE17927D7B76BD34
	Rows:8
	Colums:11
	Walls:[(0,0),(0,1),(0,2),(0,3),(0,4),(0,5),(0,6),(0,7),(0,8),(0,9),(0,10),(1,0),(1,1),(1,2),(1,3),(1,7),(1,10),(2,0),(2,1),(2,2),(2,3),(2,5),(2,10),(3,0),(3,1),(3,2),(3,3),(3,7),(3,10),(4,0),(4,7),(4,8),(4,10),(5,0),(5,4),(5,5),(5,6),(5,10),(6,0),(6,4),(6,5),(6,6),(6,10),(7,0),(7,1),(7,2),(7,3),(7,4),(7,5),(7,6),(7,7),(7,8),(7,9),(7,10)]
	Targets:[(4,1),(4,2),(4,6),(6,1)]
	Player:(2,6)
	Boxes:[(3,4),(3,5),(5,1),(5,2)]

ID:8507DAD87AE30E79F583FC40819D17E6
	Rows:8
	Colums:11
	Walls:[(0,0),(0,1),(0,2),(0,3),(0,4),(0,5),(0,6),(0,7),(0,8),(0,9),(0,10),(1,0),(1,1),(1,2),(1,3),(1,7),(1,10),(2,0),(2,1),(2,2),(2,3),(2,5),(2,10),(3,0),(3,1),(3,2),(3,3),(3,7),(3,10),(4,0),(4,7),(4,8),(4,10),(5,0),(5,4),(5,5),(5,6),(5,10),(6,0),(6,4),(6,5),(6,6),(6,10),(7,0),(7,1),(7,2),(7,3),(7,4),(7,5),(7,6),(7,7),(7,8),(7,9),(7,10)]
	Targets:[(4,3),(6,1),(6,2),(6,9)]
	Player:(5,3)
	Boxes:[(3,4),(5,1),(5,2),(5,8)]

ID:121B1F98A1A8F41A160AF05BE2B57B26
	Rows:8
	Colums:11
	Walls:[(0,0),(0,1),(0,2),(0,3),(0,4),(0,5),(0,6),(0,7),(0,8),(0,9),(0,10),(1,0),(1,1),(1,2),(1,3),(1,7),(1,10),(2,0),(2,1),(2,2),(2,3),(2,5),(2,10),(3,0),(3,1),(3,2),(3,3),(3,7),(3,10),(4,0),(4,7),(4,8),(4,10),(5,0),(5,4),(5,5),(5,6),(5,10),(6,0),(6,4),(6,5),(6,6),(6,10),(7,0),(7,1),(7,2),(7,3),(7,4),(7,5),(7,6),(7,7),(7,8),(7,9),(7,10)]
	Targets:[(2,4),(4,6),(4,9),(6,1)]
	Player:(3,6)
	Boxes:[(3,4),(5,2),(5,8),(6,2)]

ID:9E10C107721CEFCBDF810E2D265FF90A
	Rows:8
	Colums:11
	Walls:[(0,0),(0,1),(0,2),(0,3),(0,4),(0,5),(0,6),(0,7),(0,8),(0,9),(0,10),(1,0),(1,1),(1,2),(1,3),(1,7),(1,10),(2,0),(2,1),(2,2),(2,3),(2,5),(2,10),(3,0),(3,1),(3,2),(3,3),(3,7),(3,10),(4,0),(4,7),(4,8),(4,10),(5,0),(5,4),(5,5),(5,6),(5,10),(6,0),(6,4),(6,5),(6,6),(6,10),(7,0),(7,1),(7,2),(7,3),(7,4),(7,5),(7,6),(7,7),(7,8),(7,9),(7,10)]
	Targets:[(3,4),(4,1),(4,9),(6,2)]
	Player:(3,6)
	Boxes:[(3,4),(4,2),(5,2),(5,8)]

ID:8FFAEB20C7932B911E1062161B57903F
	Rows:8
	Colums:11
	Walls:[(0,0),(0,1),(0,2),(0,3),(0,4),(0,5),(0,6),(0,7),(0,8),(0,9),(0,10),(1,0),(1,1),(1,2),(1,3),(1,7),(1,10),(2,0),(2,1),(2,2),(2,3),(2,5),(2,10),(3,0),(3,1),(3,2),(3,3),(3,7),(3,10),(4,0),(4,7),(4,8),(4,10),(5,0),(5,4),(5,5),(5,6),(5,10),(6,0),(6,4),(6,5),(6,6),(6,10),(7,0),(7,1),(7,2),(7,3),(7,4),(7,5),(7,6),(7,7),(7,8),(7,9),(7,10)]
	Targets:[(3,6),(4,2),(4,9),(6,2)]
	Player:(5,7)
	Boxes:[(3,4),(3,5),(5,2),(5,8)]

